0 0.0505853 0
0.01 0.0419448 0.557192
0.02 0.029724 1.56772
0.03 0.0367193 1.57837
0.04 0.0587731 0.499335
0.05 0.0647424 0.142948
0.06 0.0439861 1.57063
0.07 0.0309458 3.01706
0.08 0.0565159 2.24255
0.09 0.0920545 0.386911
0.1 0.0837281 0.897564
0.11 0.0419772 4.02263
0.12 0.0414396 5.46236
0.13 0.105918 2.76822
0.14 0.150748 0.297961
0.15 0.103168 3.40114
0.16 0.0371465 9.09679
0.17 0.0843496 8.97117
0.18 0.214054 2.76343
0.19 0.241041 1.25063
0.2 0.113085 10.1745
0.21 0.0450942 18.4326
0.22 0.212504 13.0767
0.23 0.424369 2.11367
0.24 0.358959 6.35887
0.25 0.104629 25.8287
0.26 0.122656 33.6409
0.27 0.52947 16.4525
0.28 0.787138 2.50749
0.29 0.479495 23.1679
0.3 0.0970742 57.5596
0.31 0.421094 55.0131
0.32 1.20929 17.3949
0.33 1.33532 11.2108
0.34 0.557057 67.1354
0.35 0.210154 114.748
0.36 1.26875 80.0133
0.37 2.49865 17.2996
0.38 2.04271 48.9851
0.39 0.580282 165.615
0.4 0.84069 205.396
0.41 3.28808 102.093
0.42 4.6632 30.9997
0.43 2.78529 163.368
0.44 0.773828 358.905
0.45 2.94955 330.91
0.46 7.45618 119.072
0.47 7.87044 110.92
0.48 3.45351 445.51
0.49 2.07547 696.128
0.5 8.51404 480.138
0.51 15.091 157.113
0.52 12.0232 391.039
0.53 4.38654 1047.4
0.54 7.09406 1220.06
0.55 21.0016 641.434
0.56 27.592 339.561
0.57 16.9118 1153.11
0.58 7.69902 2186.42
0.59 21.7673 1942.44
0.6 45.7169 857.355
0.61 45.9049 1025.56
0.62 23.0975 2915.38
0.63 20.362 4106.4
0.64 57.3282 2866.27
0.65 89.3559 1428.36
0.66 70.6146 3055.81
0.67 35.9748 6482.96
0.68 59.6276 7023.71
0.69 132.676 4103.72
0.7 158.693 3333.91
0.71 104.227 8076.28
0.72 74.3286 12926.1
0.73 160.221 11181.4
0.74 273.775 6519.45
0.75 261.579 9032.48
0.76 162.758 18889.6
0.77 189.452 23475.7
0.78 386.849 17081.9
0.79 514.179 12863.1
0.8 410.95 23778.9
0.81 303.462 39541.4
0.82 493.385 39524.3
0.83 835.047 27470.6
0.839999 893.122 30803.9
0.849999 659.792 57186.1
0.859999 678.68 76004.2
0.869999 1210.76 63455.4
0.879999 1658.76 49938
0.889999 1471.05 77370.6
0.899999 1157.1 126659
0.909999 1671.84 135091
0.919999 2756.2 101109
0.929999 3063.59 106597
0.939999 2374.07 188220
0.949999 2308.4 261401
0.959999 4051.9 230704
0.969999 5917.54 168207
0.979999 5448.91 245452
0.989999 3894.24 437413
0.999999 5171.06 506898
1.01 9541.58 371474
1.02 11824 312802
1.03 9103.59 589210
1.04 6869.89 956693
1.05 12228.9 943258
1.06 21758.1 594096
1.07 23155.4 647154
1.08 14892.6 1.41885e+06
1.09 13841.9 1.99189e+06
1.1 29340.7 1.61227e+06
1.11 45611.4 967612
1.12 41126 1.51451e+06
1.13 24023.3 3.17897e+06
1.14 30294.3 3.93266e+06
1.15 68695.3 2.74616e+06
1.16 96143.5 1.6789e+06
1.17 74644.3 3.55951e+06
1.18 42559.4 7.04592e+06
1.19 78712.3 7.07365e+06
1.2 154270 4.07906e+06
1.21 174989 3.73089e+06
1.22 109345 9.62188e+06
1.23 100736 1.45413e+07
1.24 232813 1.1098e+07
1.25 351166 6.66274e+06
1.26 289295 1.28866e+07
1.27 176898 2.62029e+07
1.28 314138 2.80505e+07
1.29 619361 1.7877e+07
1.3 710085 1.83675e+07
1.31 476878 3.9699e+07
1.32 459976 5.53793e+07
1.33 901788 4.55675e+07
1.34 1.33232e+06 3.39177e+07
1.35 1.27764e+06 4.91659e+07
1.36 882637 9.35091e+07
1.37 1.21443e+06 1.07724e+08
1.38 2.23513e+06 8.00063e+07
1.39 2.86709e+06 7.07112e+07
1.4 2.40375e+06 1.29252e+08
1.41 2.41928e+06 1.87399e+08
1.42 3.93536e+06 1.51777e+08
1.43 5.06075e+06 1.37712e+08
1.44 4.90273e+06 2.10097e+08
1.45 5.4415e+06 2.69564e+08
1.46 7.82697e+06 2.35021e+08
1.47 9.69005e+06 2.18211e+08
1.48 1.0135e+07 2.86737e+08
1.49 1.08032e+07 3.56598e+08
1.5 1.31517e+07 3.21052e+08
1.51 1.46001e+07 3.50575e+08
1.52 1.64197e+07 3.50702e+08
1.53 1.80892e+07 3.41737e+08
1.54 1.80194e+07 5.28933e+08
1.55 2.19566e+07 5.20253e+08
1.56 2.74551e+07 3.80369e+08
1.57 2.62343e+07 5.91929e+08
1.58 2.45358e+07 9.63111e+08
1.59 2.95193e+07 9.99752e+08
1.6 3.4377e+07 1.00651e+09
1.61 3.57339e+07 1.24168e+09
1.62 3.48502e+07 1.95706e+09
1.63 4.75066e+07 2.20851e+09
1.64 6.1728e+07 2.18903e+09
1.65 5.73859e+07 3.49512e+09
1.66 6.37157e+07 4.6497e+09
1.67 7.5051e+07 5.73627e+09
1.68 8.57349e+07 8.01931e+09
1.69 1.12122e+08 1.00302e+10
1.7 1.2108e+08 1.40048e+10
1.71 1.65653e+08 1.70318e+10
1.72 2.20272e+08 2.16509e+10
1.73 3.03985e+08 2.59583e+10
1.74 4.0444e+08 3.0327e+10
1.75 5.49298e+08 3.56214e+10
1.76 7.53974e+08 4.06862e+10
1.77 9.92334e+08 4.55762e+10
1.78 1.32538e+09 4.74649e+10
1.79 1.69337e+09 4.65333e+10
1.8 2.07355e+09 4.48881e+10
1.81 2.43634e+09 4.32183e+10
1.82 2.81375e+09 3.98132e+10
1.83 3.13787e+09 3.91422e+10
1.84 3.45048e+09 3.96153e+10
1.85 3.77771e+09 4.01684e+10
1.86 4.0577e+09 4.61512e+10
1.87 4.40407e+09 5.08468e+10
1.88 4.82264e+09 5.24443e+10
1.89 5.21799e+09 5.39069e+10
1.9 5.58476e+09 5.66605e+10
1.91 5.87527e+09 6.58447e+10
1.92 6.2927e+09 7.03977e+10
1.93 6.7496e+09 7.50432e+10
1.94 7.35198e+09 7.34535e+10
1.95 7.82026e+09 8.0917e+10
1.96 8.33658e+09 8.85854e+10
1.97 9.07745e+09 8.28484e+10
1.98 9.67475e+09 7.79019e+10
1.99 1.02528e+10 6.82338e+10
2 1.06489e+10 6.38913e+10
2.01 1.10683e+10 5.05834e+10
2.02 1.15257e+10 3.17783e+10
2.03 1.18208e+10 2.06907e+10
2.04 1.17753e+10 3.55215e+10
2.05 1.18648e+10 5.3007e+10
2.06 1.24028e+10 4.68647e+10
2.07 1.29211e+10 2.73312e+10
2.08 1.29052e+10 2.87914e+10
2.09 1.25151e+10 6.63926e+10
2.1 1.28485e+10 7.96799e+10
2.11 1.40127e+10 3.63635e+10
2.12 1.45366e+10 7.93986e+09
2.13 1.33746e+10 9.42594e+10
2.14 1.25408e+10 2.29927e+11
2.15 1.48146e+10 2.16223e+11
2.16 1.83747e+10 6.4468e+10
2.17 1.81494e+10 7.87972e+10
2.18 1.39309e+10 4.38679e+11
2.19 1.44619e+10 7.47985e+11
2.2 2.4943e+10 5.20309e+11
2.21 3.43126e+10 1.03199e+11
2.22 2.76421e+10 5.42536e+11
2.23 1.49392e+10 1.88781e+12
2.24 2.71548e+10 2.42725e+12
2.25 6.60025e+10 1.10288e+12
2.26 8.10598e+10 2.81578e+11
2.27 4.2607e+10 3.21938e+12
2.28 2.26657e+10 7.90617e+12
2.29 1.13106e+11 7.75094e+12
2.3 2.47832e+11 2.6437e+12
2.31 2.33943e+11 3.6549e+12
2.32 7.71764e+10 1.73698e+13
2.33 1.13563e+11 2.88226e+13
2.34 5.26735e+11 1.87421e+13
2.35 8.48127e+11 2.83357e+12
2.36 5.2117e+11 2.52832e+13
2.37 9.01548e+10 8.82509e+13
2.38 9.04115e+11 1.15255e+14
2.39 2.83001e+12 5.75279e+13
2.4 3.31996e+12 2.93149e+13
2.41 1.35033e+12 1.91979e+14
2.42 1.04642e+12 4.33047e+14
2.43 6.75586e+12 4.00641e+14
2.44 1.36328e+13 1.27309e+14
2.45 1.11524e+13 2.75578e+14
2.46 2.7549e+12 1.20926e+15
2.47 1.05827e+13 1.94006e+15
2.48 4.12596e+13 1.2705e+15
2.49 5.80974e+13 4.15308e+14
2.5 3.06137e+13 2.4594e+15
2.51 1.22399e+13 7.22448e+15
2.52 9.86234e+13 8.60923e+15
2.53 2.47044e+14 4.03343e+15
2.54 2.51247e+14 3.69024e+15
2.55 8.73391e+13 1.91497e+16
2.56 1.46676e+14 3.81094e+16
2.57 7.16111e+14 3.20279e+16
2.58 1.21943e+15 9.28803e+15
2.59 7.97113e+14 3.7089e+16
2.6 2.16398e+14 1.4407e+17
2.61 1.75149e+15 2.12896e+17
2.62 5.26753e+15 1.27144e+17
2.63 6.10674e+15 6.78637e+16
2.64 2.38403e+15 4.19056e+17
2.65 3.23769e+15 1.05618e+18
2.66 1.89292e+16 1.12472e+18
2.67 3.60022e+16 4.78477e+17
2.68 2.7693e+16 9.28321e+17
2.69 8.92351e+15 4.18277e+18
2.7 5.31646e+16 7.45217e+18
2.71 1.7259e+17 5.55361e+18
2.72 2.24372e+17 2.46641e+18
2.73 1.06952e+17 1.26192e+19
2.74 1.07307e+17 3.56131e+19
2.75 6.32316e+17 4.1803e+19
2.76 1.28617e+18 1.77642e+19
2.77 1.02562e+18 3.01449e+19
2.78 3.22429e+17 1.65235e+20
2.79 2.12962e+18 3.21004e+20
