0 0.000194084 0.00211971
0.5 0.00175674 0.000557057
1 0.00138212 0.000931689
1.5 0.000380935 0.00193481
2 0.00192688 0.000390538
2.5 0.00103794 0.00127988
3 0.000669295 0.0016538
3.5 0.0019277 0.000397359
4 0.000805313 0.00152174
4.5 0.000980209 0.00135603
5 0.00180675 0.000531174
5.5 0.000696734 0.00164605
6 0.00125774 0.00109828
6.5 0.00162111 0.00073625
7 0.000712725 0.00165277
7.5 0.00145526 0.000926968
8 0.0014256 0.000957644
8.5 0.000813092 0.00158057
9 0.00156849 0.00084242
9.5 0.00125996 0.00115132
