0 0.000194084 0.00211971
0.1 0.000323813 0.00198998
0.2 0.000654032 0.00165976
0.3 0.00110224 0.00121156
0.4 0.00155859 0.000755214
0.5 0.00191309 0.000400708
0.6 0.00208245 0.000231346
0.7 0.00202944 0.000284362
0.8 0.00177102 0.000542795
0.9 0.00137363 0.000940178
1 0.000935933 0.00137789
1.1 0.000564054 0.0017498
1.2 0.000346179 0.00196771
1.3 0.00033115 0.00198278
1.4 0.000518138 0.00179584
1.5 0.000858026 0.00145598
1.6 0.00126641 0.00104763
1.7 0.00164409 0.00066997
1.8 0.00190181 0.000412246
1.9 0.00198092 0.000333146
2 0.00186622 0.000447843
2.1 0.00159009 0.00072398
2.2 0.00122203 0.00109207
2.3 0.000852387 0.00146176
2.4 0.000569631 0.00174458
2.5 0.000439432 0.00187485
2.6 0.000489178 0.00182519
2.7 0.000702463 0.00161198
2.8 0.00102403 0.00129047
2.9 0.00137398 0.000940555
3 0.00166792 0.000646642
3.1 0.00183738 0.00047718
3.2 0.0018463 0.000468268
3.3 0.00169771 0.000616861
3.4 0.00143156 0.000883042
3.5 0.00111446 0.00120019
3.6 0.00082314 0.0014916
3.7 0.000625662 0.00168919
3.8 0.000566178 0.0017488
3.9 0.000655216 0.00165989
4 0.000867643 0.00144758
4.1 0.00114946 0.00116584
4.2 0.00143172 0.000883634
4.3 0.0016472 0.000668178
4.4 0.00174669 0.000568695
4.5 0.0017103 0.000605076
4.6 0.0015509 0.000764493
4.7 0.00131027 0.00100516
4.8 0.00104819 0.00126734
4.9 0.000827728 0.00148792
5 0.000700037 0.00161578
5.1 0.000692585 0.00162341
5.2 0.000803017 0.00151315
5.3 0.00100109 0.00131523
5.4 0.00123737 0.00107905
5.5 0.00145444 0.000862042
5.6 0.00160137 0.000715138
5.7 0.00164581 0.000670688
5.8 0.00158133 0.000735177
5.9 0.00142758 0.000888945
6 0.00122468 0.0010919
6.1 0.0010224 0.00129428
6.2 0.000868052 0.0014488
6.3 0.000796231 0.00152081
6.4 0.000820792 0.00149646
6.5 0.000932432 0.00138503
6.6 0.00110152 0.00121612
6.7 0.0012859 0.00103185
6.8 0.00144132 0.000876487
6.9 0.00153223 0.000785603
7 0.00153957 0.000778255
7.1 0.00146517 0.000852643
7.2 0.00133032 0.000987504
7.3 0.00116971 0.00114818
7.4 0.00102296 0.00129506
7.5 0.000924502 0.00139369
7.6 0.000895705 0.0014227
7.7 0.000940093 0.00137854
7.79999 0.00104325 0.00127559
7.89999 0.00117743 0.00114157
7.99999 0.00130877 0.00101033
8.09999 0.00140614 0.000912989
8.2 0.00144849 0.000870645
8.3 0.00142924 0.000889878
8.4 0.00135735 0.00096174
8.5 0.00125344 0.00106566
8.6 0.00114456 0.00117461
8.7 0.00105674 0.00126258
8.8 0.00100899 0.00131053
8.9 0.0010096 0.00131018
9 0.00105499 0.00126503
9.1 0.00113103 0.0011892
9.2 0.00121737 0.00110302
9.3 0.00129264 0.00102784
9.4 0.00134004 0.000980456
9.5 0.00135068 0.000969796
9.6 0.00132495 0.000995471
9.7 0.00127254 0.00104785
9.8 0.00120886 0.00111159
9.9 0.00115105 0.00116949
