0 4.88723 0
0.001 4.87781 0.00942579
0.002 4.8497 0.0375316
0.003 4.80343 0.0838033
0.004 4.73984 0.147393
0.005 4.6601 0.227134
0.006 4.56567 0.321565
0.007 4.45828 0.428955
0.008 4.3399 0.547337
0.009 4.21269 0.674544
0.01 4.07899 0.808252
0.011 3.94121 0.946027
0.012 3.80188 1.08535
0.013 3.66351 1.22372
0.014 3.52876 1.35847
0.015 3.39994 1.48729
0.016 3.27937 1.60786
0.017 3.16923 1.71801
0.018 3.07145 1.81578
0.019 2.98778 1.89945
0.02 2.91968 1.96755
0.021 2.8683 2.01893
0.022 2.83451 2.05272
0.023 2.81881 2.06841
0.024 2.82142 2.0658
0.025 2.84216 2.04506
0.026 2.88055 2.00667
0.027 2.93578 1.95145
0.028 3.00671 1.88051
0.029 3.09195 1.79526
0.03 3.18975 1.69746
0.031 3.29828 1.58893
0.032 3.41559 1.47161
0.033 3.53931 1.3479
0.034 3.6671 1.22011
0.035 3.79656 1.09064
0.036 3.92528 0.961918
0.037 4.05088 0.836319
0.038 4.17104 0.716156
0.039 4.28358 0.60362
0.04 4.38645 0.500746
0.041 4.47783 0.409371
0.042 4.55609 0.331102
0.043 4.6199 0.267288
0.044 4.6682 0.218993
0.045 4.70021 0.186981
0.046 4.71549 0.171701
0.047 4.71363 0.17356
0.048 4.69511 0.192083
0.049 4.66044 0.226751
0.05 4.61015 0.277038
0.051 4.54565 0.34154
0.052 4.46831 0.418883
0.053 4.37973 0.507459
0.054 4.28173 0.60546
0.055 4.17628 0.710911
0.056 4.06548 0.821708
0.057 3.95152 0.935665
0.058 3.83664 1.05055
0.059 3.72305 1.16413
0.06 3.61296 1.27423
0.061 3.50845 1.37874
0.062 3.41149 1.4757
0.0629999 3.32391 1.56327
0.064 3.24731 1.63987
0.065 3.18309 1.70409
0.066 3.13237 1.75481
0.067 3.09602 1.79117
0.068 3.0746 1.81258
0.069 3.0684 1.81878
0.07 3.07738 1.80979
0.071 3.10124 1.78594
0.072 3.13935 1.74782
0.073 3.19083 1.69634
0.074 3.25454 1.63263
0.075 3.3291 1.55806
0.076 3.41295 1.47422
0.077 3.50431 1.38285
0.078 3.60132 1.28583
0.079 3.70199 1.18516
0.08 3.80428 1.08287
0.081 3.90613 0.981007
0.082 4.00552 0.881617
0.083 4.10047 0.786666
0.084 4.18912 0.698023
0.085 4.26971 0.617417
0.086 4.34061 0.546513
0.087 4.4006 0.486525
0.088 4.44854 0.43858
0.089 4.48357 0.403558
0.09 4.50504 0.382077
0.091 4.51263 0.374481
0.092 4.50627 0.380836
0.093 4.48639 0.400714
0.094 4.45328 0.433829
0.095 4.40767 0.479437
0.096 4.35055 0.536553
0.097 4.28314 0.603964
0.098 4.20684 0.68026
0.099 4.12324 0.763864
0.1 4.03405 0.853056
0.101 3.94108 0.946022
0.102 3.84623 1.04087
0.103 3.75141 1.13569
0.104 3.65853 1.22857
0.105 3.56945 1.31765
0.106 3.48594 1.40117
0.107 3.40964 1.47747
0.108 3.34207 1.54504
0.109 3.28453 1.60257
0.11 3.23816 1.64894
0.111 3.20384 1.68327
0.112 3.1822 1.7049
0.113 3.17365 1.71345
0.114 3.17831 1.70879
0.115 3.19605 1.69106
0.116 3.22645 1.66066
0.117 3.26888 1.61823
0.118 3.32244 1.56466
0.119 3.38605 1.50105
0.12 3.4584 1.4287
0.121 3.53805 1.34905
0.122 3.62334 1.26375
0.123 3.71257 1.17452
0.124 3.80395 1.08314
0.125 3.89566 0.991436
0.126 3.98586 0.901222
0.127 4.0728 0.814289
0.128 4.15473 0.73235
0.129 4.23006 0.657016
0.13 4.29732 0.589761
0.131 4.35518 0.531892
0.132 4.40255 0.48453
0.133 4.4385 0.448579
0.134 4.46235 0.42472
0.135 4.47367 0.413389
0.136 4.47229 0.414774
0.137 4.45825 0.42881
0.138 4.43187 0.455185
0.139 4.39372 0.493343
0.14 4.34457 0.542497
0.141 4.28542 0.601645
0.142 4.21746 0.669595
0.143 4.14208 0.744981
0.144 4.06076 0.826297
0.145 3.97513 0.911927
0.146 3.88688 1.00017
0.147 3.79777 1.08929
0.148 3.70953 1.17753
0.149 3.6239 1.26315
0.15 3.54256 1.34449
0.151 3.46708 1.41997
0.152 3.39894 1.48811
0.153 3.33944 1.54761
0.154 3.28969 1.59736
0.155 3.25067 1.63639
0.156 3.22309 1.66396
0.157 3.20748 1.67957
0.158 3.2041 1.68295
0.159 3.21298 1.67408
0.16 3.23388 1.65317
0.161 3.26639 1.62066
0.162 3.30982 1.57724
0.163 3.36326 1.5238
0.164 3.42558 1.46148
0.165 3.49559 1.39147
0.166 3.57187 1.31518
0.167 3.65294 1.23412
0.168 3.73716 1.14989
0.169 3.82291 1.06415
0.17 3.90847 0.978584
0.171 3.9922 0.894857
0.172 4.07246 0.8146
0.173 4.14769 0.739368
0.174 4.21644 0.67061
0.175 4.27741 0.609644
0.176 4.32942 0.55763
0.177 4.3715 0.515548
0.178 4.40287 0.48418
0.179 4.42296 0.464095
0.18 4.43141 0.455642
0.181 4.42811 0.458939
0.182 4.41332 0.473727
0.183 4.38727 0.49978
0.184 4.35063 0.536421
0.185 4.30407 0.582985
0.186 4.24867 0.638377
0.187 4.18544 0.701602
0.188 4.11565 0.771396
0.189 4.04068 0.846373
0.19 3.962 0.92505
0.191 3.88115 1.0059
0.192 3.79974 1.08731
0.193 3.71934 1.16772
0.194 3.6415 1.24555
0.195 3.56775 1.31931
0.196 3.49946 1.38759
0.197 3.43797 1.44908
0.198 3.38443 1.50262
0.199 3.33985 1.54721
0.2 3.30503 1.58202
0.201 3.2808 1.60625
0.202 3.26742 1.61964
0.203 3.26508 1.62197
0.204 3.2738 1.61325
0.205 3.29335 1.59371
0.206 3.3233 1.56376
0.207 3.36301 1.52405
0.208 3.41167 1.47539
0.209 3.46829 1.41876
0.21 3.53175 1.35531
0.211 3.60077 1.28629
0.212 3.674 1.21306
0.213 3.74999 1.13707
0.214 3.82727 1.05979
0.215 3.90434 0.982721
0.216 3.97971 0.90735
0.217 4.05194 0.835122
0.218 4.11966 0.767408
0.219 4.18157 0.705489
0.22 4.23654 0.650523
0.221 4.28353 0.603526
0.222 4.3217 0.565354
0.223 4.35038 0.536688
0.224 4.36904 0.518019
0.225 4.37741 0.509641
0.226 4.37541 0.511649
0.227 4.36313 0.523936
0.228 4.34086 0.546196
0.229 4.30913 0.577932
0.23 4.26859 0.618469
0.231 4.22009 0.666967
0.232 4.16462 0.722435
0.233 4.10331 0.783752
0.234 4.03736 0.849704
0.235 3.96808 0.918984
0.236 3.89682 0.990245
0.237 3.82496 1.0621
0.238 3.75376 1.1333
0.239 3.6847 1.20237
0.24 3.6191 1.26798
0.241 3.55816 1.3289
0.242 3.50306 1.38401
0.243 3.4548 1.43228
0.244 3.41423 1.47285
0.245 3.38206 1.505
0.246 3.35888 1.52819
0.247 3.34503 1.54204
0.248 3.3409 1.54617
0.249 3.34628 1.5408
0.25 3.36096 1.52611
0.251 3.38459 1.50249
0.252 3.41661 1.47046
0.253 3.45635 1.43073
0.254 3.50295 1.38413
0.255 3.55545 1.33163
0.256 3.61257 1.27451
0.257 3.67336 1.21372
0.258 3.7366 1.15048
0.259 3.80099 1.08609
0.26 3.86535 1.02173
0.261 3.92843 0.958642
0.262 3.98904 0.898037
0.263 4.04601 0.841063
0.264 4.09829 0.788786
0.265 4.14491 0.742171
0.266 4.18495 0.702136
0.267 4.21775 0.669327
0.268 4.24277 0.644303
0.269 4.25962 0.627461
0.27 4.26814 0.618944
0.271 4.26815 0.618922
0.272 4.25978 0.6273
0.273 4.24325 0.643823
0.274 4.21901 0.668077
0.275 4.18758 0.699501
0.276 4.14967 0.737402
0.277 4.10612 0.780963
0.278 4.05782 0.829269
0.279 4.0058 0.881289
0.28 3.9511 0.935989
0.281 3.89482 0.992264
0.282 3.83811 1.04898
0.283 3.78206 1.10503
0.284 3.72777 1.15932
0.285 3.67629 1.21081
0.286 3.62859 1.25851
0.287 3.58558 1.30152
0.288 3.548 1.33909
0.289 3.5166 1.3705
0.29 3.49189 1.3952
0.291 3.47432 1.41278
0.292 3.46414 1.42297
0.293 3.46147 1.42564
0.294 3.46631 1.42078
0.295 3.4785 1.4086
0.296 3.4977 1.3894
0.297 3.52346 1.36365
0.298 3.55519 1.33191
0.299 3.59223 1.29487
0.3 3.63378 1.25332
0.301 3.67897 1.20813
0.302 3.72687 1.16023
0.303 3.77651 1.11059
0.304 3.8269 1.0602
0.305 3.87703 1.01007
0.306 3.9259 0.961201
0.307 3.97257 0.914532
0.308 4.01614 0.870968
0.309 4.05576 0.83134
0.31 4.09064 0.796463
0.311 4.1199 0.767203
0.312 4.14363 0.74347
0.313 4.16114 0.725963
0.314 4.17214 0.714967
0.314999 4.17647 0.710631
0.315999 4.17412 0.712977
0.316999 4.16522 0.72189
0.317999 4.14997 0.737131
0.318999 4.12877 0.758336
0.319999 4.10208 0.785023
0.320999 4.07048 0.816622
0.321999 4.03463 0.852472
0.322999 3.99527 0.891835
0.323999 3.95321 0.933901
0.324999 3.90929 0.977819
0.325999 3.86441 1.02271
0.326999 3.81945 1.06767
0.327999 3.77528 1.11184
0.328999 3.73278 1.15434
0.329999 3.69277 1.19436
0.330999 3.65599 1.23114
0.331999 3.62314 1.26399
0.332999 3.59483 1.2923
0.333999 3.57162 1.31551
0.334999 3.55384 1.33329
0.335999 3.54178 1.34535
0.336999 3.53563 1.35151
0.337999 3.53545 1.3517
0.338999 3.54117 1.34597
0.339999 3.55263 1.33451
0.340999 3.56956 1.31758
0.341999 3.59157 1.29558
0.342999 3.61817 1.26898
0.343999 3.6488 1.23835
0.344999 3.68283 1.20431
0.345999 3.71957 1.16758
0.346999 3.75826 1.12889
0.347999 3.79805 1.08909
0.348999 3.83825 1.0489
0.349999 3.87807 1.00908
0.350999 3.91674 0.970409
0.351999 3.95365 0.933493
0.352999 3.98791 0.899233
0.353999 4.01891 0.86824
0.354999 4.04617 0.840978
0.355999 4.06921 0.817938
0.356999 4.08787 0.799268
0.357999 4.10161 0.785527
0.358999 4.11022 0.776932
0.359999 4.11355 0.773597
0.360999 4.11161 0.775536
0.361999 4.10449 0.782654
0.362999 4.09239 0.794759
0.363999 4.0757 0.811452
0.364999 4.05467 0.832473
0.365999 4.02976 0.857388
0.366999 4.00149 0.885661
0.367999 3.9703 0.91685
0.368999 3.93706 0.950102
0.369999 3.90232 0.984828
0.370999 3.86683 1.02033
0.371999 3.83126 1.0559
0.372999 3.79629 1.09087
0.373999 3.76262 1.12455
0.374999 3.73086 1.15631
0.375999 3.70167 1.1855
0.376999 3.6755 1.21167
0.377999 3.65303 1.23415
0.378999 3.6345 1.25268
0.379999 3.62023 1.26695
0.380999 3.61044 1.27675
0.381999 3.60526 1.28193
0.382999 3.60472 1.28247
0.383999 3.60879 1.2784
0.384999 3.61732 1.26987
0.385999 3.63008 1.25711
0.386999 3.64678 1.24042
0.387999 3.66702 1.22017
0.388999 3.69039 1.19681
0.389999 3.71635 1.17083
0.390999 3.74441 1.14279
0.391998 3.77396 1.11324
0.392998 3.80441 1.08279
0.393998 3.83515 1.05205
0.394998 3.86561 1.02159
0.395998 3.89516 0.992033
0.396998 3.92326 0.963931
0.397998 3.94937 0.937816
0.398998 3.97303 0.914168
0.399998 3.99378 0.893414
0.400998 4.01127 0.875918
0.401998 4.02521 0.861975
0.402998 4.03545 0.851748
0.403998 4.04177 0.845424
0.404998 4.04412 0.843072
0.405998 4.04251 0.84468
0.406998 4.03718 0.850017
0.407998 4.02815 0.859046
0.408998 4.01565 0.871538
0.409998 4 0.887201
0.410998 3.98152 0.905683
0.411998 3.96076 0.926442
0.412998 3.93807 0.949128
0.413998 3.91389 0.973315
0.414998 3.8887 0.99851
0.415998 3.863 1.02421
0.416998 3.83731 1.04989
0.417998 3.81214 1.07507
0.418998 3.78796 1.09925
0.419998 3.76524 1.12197
0.420998 3.74441 1.14281
0.421998 3.72583 1.16139
0.422998 3.70986 1.17736
0.423998 3.69676 1.19046
0.424998 3.68676 1.20047
0.425998 3.68001 1.20722
0.426998 3.67659 1.21064
0.427998 3.67663 1.21061
0.428998 3.67999 1.20725
0.429998 3.68657 1.20067
0.430998 3.69619 1.19105
0.431998 3.70863 1.17861
0.432998 3.72359 1.16365
0.433998 3.74104 1.1462
0.434998 3.76035 1.12689
0.435998 3.78111 1.10613
0.436998 3.80289 1.08435
0.437998 3.82524 1.062
0.438998 3.84772 1.03952
0.439998 3.86987 1.01736
0.440998 3.89127 0.995966
0.441998 3.91149 0.975748
0.442998 3.93015 0.957095
0.443998 3.94688 0.940357
0.444998 3.96139 0.925844
0.445998 3.97341 0.91382
0.446998 3.98274 0.904492
0.447998 3.98922 0.898015
0.448998 3.99275 0.894486
0.449998 3.99329 0.893939
0.450998 3.99088 0.896353
0.451998 3.98559 0.901645
0.452998 3.97755 0.909678
0.453998 3.96697 0.920262
0.454998 3.95408 0.933158
0.455998 3.93914 0.948086
0.456998 3.92251 0.964725
0.457998 3.90451 0.982728
0.458998 3.88552 1.00172
0.459998 3.86593 1.02131
0.460998 3.84613 1.04112
0.461998 3.82652 1.06073
0.462998 3.80749 1.07976
0.463998 3.78941 1.09783
0.464998 3.7727 1.11455
0.465998 3.75763 1.12963
0.466998 3.74447 1.1428
0.467998 3.73352 1.15375
0.468998 3.72493 1.16234
0.469997 3.71886 1.16841
0.470997 3.7154 1.17188
0.471997 3.71459 1.17269
0.472997 3.71644 1.17085
0.473997 3.72087 1.1664
0.474997 3.72781 1.15947
0.475997 3.73709 1.1502
0.476997 3.74849 1.1388
0.477997 3.7618 1.12549
0.478997 3.77673 1.11055
0.479997 3.79299 1.09429
0.480997 3.81025 1.07704
0.481997 3.82817 1.05912
0.482997 3.8464 1.04089
0.483997 3.86458 1.02271
0.484997 3.88235 1.00494
0.485997 3.89936 0.987912
0.486997 3.91532 0.971963
0.487997 3.92989 0.957395
0.488997 3.9428 0.944483
0.489997 3.95381 0.933471
0.490997 3.96271 0.924562
0.491997 3.96935 0.91792
0.492997 3.9736 0.913666
0.493997 3.9754 0.911871
0.494997 3.97471 0.912563
0.495997 3.97145 0.915816
0.496997 3.96586 0.921415
0.497997 3.95802 0.929248
0.498997 3.94811 0.939163
0.499997 3.9363 0.950968
0.500997 3.92283 0.964437
0.501997 3.90796 0.979314
0.502997 3.89196 0.995316
0.503997 3.87515 1.01214
0.504997 3.85781 1.02947
0.505997 3.84031 1.04698
0.506997 3.82294 1.06435
0.507997 3.80606 1.08124
0.508997 3.78995 1.09735
0.509997 3.77494 1.11237
0.510997 3.7613 1.12602
0.511997 3.74949 1.13783
0.512997 3.73957 1.14775
0.513997 3.73172 1.15561
0.514997 3.72608 1.16126
0.515997 3.72276 1.16459
0.516997 3.72181 1.16554
0.517997 3.72326 1.16409
0.518997 3.72708 1.16028
0.519997 3.73321 1.15416
0.520997 3.74153 1.14584
0.521997 3.75189 1.13548
0.522997 3.76411 1.12326
0.523997 3.77818 1.1092
0.524997 3.79363 1.09375
0.525997 3.81019 1.0772
0.526997 3.82754 1.05985
0.527997 3.84537 1.04202
0.528997 3.86336 1.02402
0.529997 3.8812 1.00619
0.530997 3.89858 0.988802
0.531997 3.91522 0.972163
0.532997 3.93074 0.956639
0.533997 3.94487 0.942511
0.534997 3.95735 0.930033
0.535997 3.96794 0.919433
0.536997 3.97647 0.910907
0.537997 3.9828 0.904571
0.538997 3.98683 0.90054
0.539997 3.98848 0.898888
0.540997 3.98767 0.899703
0.541997 3.98446 0.902919
0.542997 3.97889 0.908481
0.543997 3.97108 0.916287
0.544997 3.96118 0.9262
0.545997 3.94933 0.938043
0.546997 3.93577 0.951605
0.547997 3.92074 0.966645
0.548997 3.90449 0.982896
0.549996 3.88732 1.00007
0.550996 3.86954 1.01786
0.551996 3.85145 1.03595
0.552996 3.83339 1.05402
0.553996 3.81566 1.07175
0.554996 3.79859 1.08883
0.555996 3.78248 1.10495
0.556996 3.76761 1.11983
0.557996 3.75425 1.1332
0.558996 3.74263 1.14482
0.559996 3.73297 1.1545
0.560996 3.72534 1.16213
0.561996 3.71995 1.16753
0.562996 3.71691 1.17058
0.563996 3.71627 1.17123
0.564996 3.71798 1.16953
0.565996 3.72209 1.16542
0.566996 3.72855 1.15898
0.567996 3.73723 1.15031
0.568996 3.74799 1.13956
0.569996 3.76064 1.12691
0.570996 3.77498 1.11257
0.571996 3.79076 1.0968
0.572996 3.80769 1.07987
0.573996 3.8255 1.06207
0.574996 3.84386 1.04371
0.575996 3.86245 1.02512
0.576996 3.88096 1.00662
0.577996 3.89905 0.988525
0.578996 3.91642 0.971156
0.579996 3.93275 0.954828
0.580996 3.94775 0.939833
0.581996 3.96113 0.926446
0.582996 3.97268 0.914899
0.583996 3.98218 0.9054
0.584996 3.98929 0.89829
0.585996 3.99412 0.893457
0.586996 3.99651 0.891068
0.587996 3.9964 0.891174
0.588996 3.99378 0.893784
0.589996 3.98871 0.898873
0.590996 3.98137 0.906209
0.591996 3.97181 0.915778
0.592996 3.96017 0.927418
0.593996 3.94665 0.94093
0.594996 3.93154 0.956051
0.595996 3.91506 0.972534
0.596996 3.89749 0.990106
0.597996 3.87914 1.00846
0.598996 3.86034 1.02728
0.599996 3.8414 1.04622
0.600996 3.82268 1.06495
0.601996 3.8045 1.08313
0.602996 3.7874 1.10025
0.603996 3.77148 1.11617
0.604996 3.757 1.13066
0.605996 3.74443 1.14324
0.606996 3.73379 1.15391
0.607996 3.72531 1.1624
0.608996 3.71916 1.16856
0.609996 3.71546 1.17228
0.610996 3.71427 1.17347
0.611996 3.71565 1.1721
0.612996 3.71959 1.16817
0.613996 3.72602 1.16176
0.614996 3.73482 1.15296
0.615996 3.74587 1.14192
0.616996 3.75894 1.12887
0.617996 3.77383 1.11398
0.618996 3.79031 1.09751
0.619996 3.80808 1.07974
0.620996 3.82681 1.06102
0.621996 3.84621 1.04163
0.622996 3.86591 1.02193
0.623996 3.88559 1.00226
0.624996 3.90488 0.982967
0.625996 3.92344 0.96441
0.626996 3.94093 0.946923
0.627995 3.95711 0.930742
0.628995 3.97154 0.916324
0.629995 3.98396 0.903898
0.630995 3.99415 0.893701
0.631995 4.00193 0.885932
0.632995 4.00711 0.880742
0.633995 4.00961 0.878244
0.634995 4.00935 0.8785
0.635995 4.00635 0.881507
0.636995 4.00061 0.887244
0.637995 3.99223 0.895629
0.638995 3.98133 0.906529
0.639995 3.96809 0.919765
0.640995 3.95275 0.935113
0.641995 3.93555 0.952312
0.642995 3.9168 0.971064
0.643995 3.89684 0.991039
0.644995 3.876 1.01188
0.645995 3.85466 1.03322
0.646995 3.83321 1.05468
0.647995 3.81205 1.07585
0.648995 3.79155 1.09636
0.649995 3.7721 1.11582
0.650995 3.75406 1.13386
0.651995 3.73778 1.15015
0.652995 3.72358 1.16437
0.653995 3.71171 1.17624
0.654995 3.70262 1.18536
0.655995 3.6963 1.19169
0.656995 3.69284 1.19515
0.657995 3.6924 1.1956
0.658995 3.69501 1.193
0.659995 3.70066 1.18737
0.660995 3.70927 1.17877
0.661995 3.72071 1.16733
0.662995 3.73481 1.15324
0.663995 3.75134 1.13672
0.664995 3.77002 1.11805
0.665995 3.79053 1.09755
0.666995 3.8125 1.07558
0.667995 3.83557 1.05251
0.668995 3.85932 1.02878
0.669995 3.8833 1.00479
0.670995 3.90709 0.981005
0.671995 3.93025 0.957848
0.672995 3.95235 0.935757
0.673995 3.97296 0.91515
0.674995 3.99172 0.896379
0.675995 4.00826 0.879849
0.676995 4.02222 0.865891
0.677995 4.03333 0.85479
0.678995 4.04132 0.846784
0.679995 4.04605 0.842056
0.680995 4.04738 0.84073
0.681995 4.04525 0.84287
0.682995 4.03963 0.848473
0.683995 4.03063 0.857478
0.684995 4.01836 0.869755
0.685995 4.003 0.885113
0.686995 3.98481 0.903304
0.687995 3.96409 0.924022
0.688995 3.94121 0.946913
0.689995 3.91655 0.971575
0.690995 3.89072 0.997404
0.691995 3.86404 1.0241
0.692995 3.83701 1.05114
0.693995 3.81011 1.07805
0.694995 3.78383 1.10433
0.695995 3.75867 1.12949
0.696995 3.73512 1.15306
0.697995 3.71362 1.17457
0.698995 3.69458 1.19361
0.699995 3.67841 1.2098
0.700995 3.66541 1.2228
0.701995 3.65588 1.23235
0.702995 3.65003 1.23821
0.703995 3.64799 1.24026
0.704994 3.64986 1.23841
0.705994 3.65561 1.23266
0.706994 3.6652 1.22308
0.707994 3.67848 1.2098
0.708994 3.69525 1.19305
0.709994 3.71522 1.17308
0.710994 3.73805 1.15026
0.711994 3.76334 1.12497
0.712994 3.79069 1.09762
0.713994 3.81958 1.06874
0.714994 3.84949 1.03884
0.715994 3.87986 1.00847
0.716994 3.91013 0.978202
0.717994 3.93973 0.948599
0.718994 3.96811 0.920222
0.719994 3.99472 0.893614
0.720994 4.01904 0.869297
0.721994 4.0406 0.847741
0.722994 4.05896 0.829377
0.723994 4.07375 0.81458
0.724994 4.08467 0.803662
0.725994 4.09147 0.796864
0.726994 4.094 0.794341
0.727994 4.09216 0.796179
0.728994 4.08596 0.802384
0.729994 4.07546 0.812881
0.730994 4.06083 0.827513
0.731994 4.0423 0.846045
0.732994 4.02019 0.868164
0.733994 3.99487 0.893487
0.734994 3.9668 0.921567
0.735994 3.93647 0.951901
0.736994 3.90444 0.983937
0.737994 3.87129 1.01709
0.738994 3.83765 1.05074
0.739994 3.80414 1.08426
0.740994 3.7714 1.11701
0.741994 3.74005 1.14838
0.742994 3.71069 1.17775
0.743994 3.6839 1.20455
0.744994 3.66021 1.22825
0.745994 3.6401 1.24838
0.746994 3.62397 1.26452
0.747994 3.61217 1.27633
0.748994 3.60496 1.28355
0.749994 3.60253 1.286
0.750994 3.60495 1.28358
0.751994 3.61223 1.27632
0.752994 3.62427 1.26429
0.753994 3.64088 1.24768
0.754994 3.6618 1.22678
0.755994 3.68665 1.20193
0.756994 3.715 1.1736
0.757994 3.74634 1.14226
0.758994 3.78011 1.10849
0.759994 3.81569 1.07292
0.760994 3.85243 1.03619
0.761994 3.88962 0.999
0.762994 3.92657 0.962052
0.763994 3.96258 0.926051
0.764994 3.99695 0.891688
0.765994 4.029 0.859631
0.766994 4.05804 0.830593
0.767994 4.08358 0.80504
0.768994 4.10517 0.783463
0.769994 4.12226 0.766369
0.770994 4.13459 0.754043
0.771994 4.14187 0.746762
0.772994 4.14392 0.744707
0.773994 4.14067 0.747965
0.774994 4.13211 0.756521
0.775994 4.11837 0.77026
0.776994 4.09967 0.788966
0.777994 4.07631 0.81233
0.778994 4.04872 0.839931
0.779994 4.01736 0.8713
0.780994 3.98279 0.905873
0.781994 3.94564 0.943024
0.782993 3.9066 0.98207
0.783993 3.8664 1.02229
0.784993 3.82578 1.06292
0.785993 3.78543 1.10328
0.786993 3.7462 1.14253
0.787993 3.70882 1.17992
0.788993 3.67402 1.21474
0.789993 3.64248 1.24629
0.790993 3.61483 1.27396
0.791993 3.59161 1.29719
0.792993 3.57331 1.31551
0.793993 3.56029 1.32854
0.794993 3.55286 1.33599
0.795993 3.55119 1.33769
0.796993 3.55534 1.33355
0.797993 3.5653 1.32361
0.798993 3.58089 1.30803
0.799993 3.60187 1.28706
0.800993 3.62788 1.26106
0.801993 3.65846 1.2305
0.802993 3.69306 1.19591
0.803993 3.73102 1.15795
0.804993 3.77169 1.1173
0.805993 3.8143 1.0747
0.806993 3.85804 1.03097
0.807993 3.9021 0.986913
0.808993 3.94564 0.94338
0.809993 3.98782 0.901197
0.810993 4.02791 0.861106
0.811993 4.06507 0.823951
0.812993 4.09857 0.790459
0.813993 4.12774 0.761285
0.814993 4.15202 0.73701
0.815993 4.17091 0.718122
0.816993 4.18402 0.705007
0.817993 4.19108 0.697945
0.818993 4.19193 0.697098
0.819993 4.18652 0.702511
0.820993 4.17492 0.714108
0.821993 4.15739 0.731641
0.822993 4.13418 0.754848
0.823993 4.1057 0.783337
0.824993 4.07249 0.816552
0.825993 4.03517 0.853876
0.826993 3.99445 0.894606
0.827993 3.95109 0.937969
0.828993 3.90598 0.983095
0.829993 3.85991 1.02916
0.830993 3.81381 1.07528
0.831993 3.76854 1.12055
0.832993 3.725 1.16411
0.833993 3.68403 1.20509
0.834993 3.64644 1.2427
0.835993 3.61296 1.27619
0.836993 3.58427 1.3049
0.837993 3.56094 1.32825
0.838993 3.54345 1.34576
0.839993 3.53214 1.35708
0.840993 3.52728 1.36196
0.841993 3.52898 1.36028
0.842993 3.53721 1.35206
0.843993 3.55186 1.33743
0.844993 3.57264 1.31666
0.845993 3.59919 1.29014
0.846993 3.63098 1.25836
0.847993 3.66742 1.22193
0.848993 3.70781 1.18156
0.849993 3.75136 1.13802
0.850993 3.79722 1.09217
0.851993 3.84451 1.0449
0.852993 3.89226 0.997142
0.853993 3.93958 0.949844
0.854993 3.98546 0.903955
0.855993 4.02905 0.860371
0.856993 4.06947 0.819967
0.857993 4.10588 0.78356
0.858993 4.13754 0.751897
0.859993 4.16381 0.725626
0.860992 4.18415 0.705299
0.861992 4.19809 0.691352
0.862992 4.20539 0.684051
0.863992 4.20583 0.683609
0.864992 4.19945 0.689986
0.865992 4.18625 0.703191
0.866992 4.16645 0.722988
0.867992 4.14053 0.74891
0.868992 4.10884 0.780604
0.869992 4.07197 0.817475
0.870992 4.03063 0.858816
0.871992 3.98562 0.90383
0.872992 3.93782 0.951641
0.873992 3.88816 1.00131
0.874992 3.83761 1.05186
0.875992 3.7872 1.10227
0.876992 3.73794 1.15154
0.877992 3.69082 1.19868
0.878992 3.6468 1.24271
0.879992 3.60679 1.28274
0.880992 3.57161 1.31792
0.881992 3.54204 1.34751
0.882992 3.51869 1.37087
0.883992 3.50211 1.38747
0.884992 3.49267 1.39693
0.885992 3.49063 1.39898
0.886992 3.49611 1.39351
0.887992 3.50906 1.38058
0.888992 3.52932 1.36034
0.889992 3.55655 1.33312
0.890992 3.59029 1.2994
0.891992 3.62985 1.25986
0.892992 3.67457 1.21515
0.893992 3.72365 1.16608
0.894992 3.77617 1.11358
0.895992 3.83104 1.05872
0.896992 3.88729 1.00247
0.897992 3.94384 0.945937
0.898992 3.99957 0.890211
0.899992 4.0534 0.83639
0.900992 4.10425 0.78554
0.901992 4.15113 0.738669
0.902992 4.19306 0.696739
0.903992 4.22909 0.660712
0.904992 4.25856 0.631244
0.905992 4.28083 0.608972
0.906992 4.29541 0.594395
0.907992 4.30193 0.587871
0.908992 4.3002 0.589606
0.909992 4.29016 0.599647
0.910992 4.27192 0.617886
0.911992 4.24575 0.644053
0.912992 4.21208 0.677727
0.913992 4.17147 0.71834
0.914992 4.12462 0.765187
0.915992 4.07237 0.817438
0.916992 4.01566 0.874156
0.917992 3.95551 0.93431
0.918992 3.89303 0.996798
0.919992 3.82937 1.06046
0.920992 3.76572 1.12412
0.921992 3.70327 1.18658
0.922992 3.6432 1.24666
0.923992 3.58665 1.30322
0.924992 3.53483 1.35505
0.925992 3.48863 1.40127
0.926992 3.44892 1.44099
0.927992 3.41651 1.47342
0.928992 3.39206 1.49788
0.929992 3.37607 1.51389
0.930992 3.3689 1.52108
0.931992 3.37072 1.51927
0.932992 3.38158 1.50843
0.933992 3.40121 1.48882
0.934992 3.4294 1.46065
0.935992 3.46566 1.4244
0.936992 3.50945 1.38062
0.937991 3.55994 1.33016
0.938991 3.61622 1.27389
0.939991 3.67729 1.21283
0.940991 3.74207 1.14806
0.941991 3.80939 1.08075
0.942991 3.87804 1.01212
0.943991 3.94675 0.943407
0.944991 4.0144 0.875774
0.945991 4.07973 0.810451
0.946991 4.14147 0.748715
0.947991 4.1985 0.69169
0.948991 4.24976 0.640429
0.949991 4.29431 0.595875
0.950991 4.33135 0.558848
0.951991 4.36016 0.530033
0.952991 4.38023 0.509962
0.953991 4.39119 0.499006
0.954991 4.39283 0.497371
0.955991 4.38511 0.505083
0.956991 4.36819 0.522003
0.957991 4.34238 0.54782
0.958991 4.30814 0.58206
0.959991 4.26611 0.62409
0.960991 4.21707 0.673133
0.961991 4.16193 0.728272
0.962991 4.10172 0.788495
0.963991 4.03752 0.8527
0.964991 3.97051 0.919712
0.965991 3.90192 0.98831
0.966991 3.83301 1.05724
0.967991 3.76499 1.12526
0.968991 3.69913 1.19114
0.969991 3.6366 1.25369
0.970991 3.57852 1.31178
0.971991 3.52592 1.3644
0.972991 3.47974 1.4106
0.973991 3.44077 1.44959
0.974991 3.40968 1.4807
0.975991 3.38698 1.50342
0.976991 3.37304 1.51738
0.977991 3.36804 1.5224
0.978991 3.37203 1.51844
0.979991 3.38483 1.50566
0.980991 3.40617 1.48434
0.981991 3.43548 1.45505
0.982991 3.47223 1.41832
0.983991 3.51568 1.37489
0.984991 3.56497 1.32562
0.985991 3.61908 1.27153
0.986991 3.67703 1.2136
0.987991 3.73769 1.15296
0.988991 3.79992 1.09075
0.989991 3.86254 1.02813
0.990991 3.92442 0.966269
0.991991 3.98439 0.906308
0.992991 4.04136 0.849339
0.993991 4.09433 0.796375
0.994991 4.14234 0.748365
0.995991 4.18458 0.706142
0.996991 4.2203 0.670421
0.997991 4.24894 0.641786
0.998991 4.27004 0.620679
0.999991 4.28331 0.607409
1.00099 4.28865 0.602076
1.00199 4.28606 0.604663
1.00299 4.27572 0.615
1.00399 4.25796 0.632771
1.00499 4.23321 0.657518
1.00599 4.20207 0.688655
1.00699 4.16525 0.725478
1.00799 4.12355 0.76718
1.00899 4.07787 0.81287
1.00999 4.02915 0.86159
1.01099 3.97841 0.912334
1.01199 3.92669 0.964067
1.01299 3.87503 1.01573
1.01399 3.82445 1.06632
1.01499 3.77592 1.11487
1.01599 3.73038 1.16043
1.01699 3.68868 1.20214
1.01799 3.65159 1.23925
1.01899 3.61978 1.27107
1.01999 3.5938 1.29707
1.02099 3.57408 1.31682
1.02199 3.56089 1.33003
1.02299 3.55441 1.33653
1.02399 3.55465 1.33632
1.02499 3.56146 1.32953
1.02599 3.57459 1.31642
1.02699 3.59367 1.29737
1.02799 3.61816 1.2729
1.02899 3.64748 1.24361
1.02999 3.68089 1.21023
1.03099 3.71761 1.17352
1.03199 3.75682 1.13434
1.03299 3.7976 1.09358
1.03399 3.83906 1.05213
1.03499 3.88028 1.01093
1.03599 3.92037 0.970857
1.03699 3.95846 0.932791
1.03799 3.99371 0.897541
1.03899 4.02541 0.865852
1.03999 4.05289 0.838385
1.04099 4.07558 0.815703
1.04199 4.09303 0.79826
1.04299 4.10488 0.786424
1.04399 4.11093 0.780375
1.04499 4.11111 0.780197
1.04599 4.10547 0.785841
1.04699 4.09418 0.797133
1.04799 4.07754 0.813775
1.04899 4.05607 0.835233
1.04999 4.03019 0.861116
1.05099 4.0005 0.89081
1.05199 3.9677 0.923615
1.05299 3.93254 0.958768
1.05399 3.89587 0.995452
1.05499 3.85849 1.03282
1.05599 3.82131 1.07
1.05699 3.78517 1.10615
1.05799 3.75091 1.14041
1.05899 3.71934 1.172
1.05999 3.69117 1.20016
1.06099 3.6671 1.22425
1.06199 3.64769 1.24367
1.06299 3.63342 1.25795
1.06399 3.62476 1.26663
1.06499 3.62184 1.26956
1.06599 3.62479 1.26662
1.06699 3.6336 1.25783
1.06799 3.64812 1.24332
1.06899 3.6681 1.22337
1.06999 3.69314 1.19834
1.07099 3.72274 1.16876
1.07199 3.75631 1.13521
1.07299 3.79315 1.09839
1.07399 3.83248 1.05908
1.07499 3.87348 1.0181
1.07599 3.91528 0.976329
1.07699 3.95696 0.934669
1.07799 3.99763 0.894011
1.07899 4.03639 0.855267
1.07999 4.07237 0.819304
1.08099 4.10476 0.786935
1.08199 4.1328 0.758908
1.08299 4.15583 0.735888
1.08399 4.17334 0.718399
1.08499 4.18481 0.706934
1.08599 4.18992 0.701828
1.08699 4.18847 0.703292
1.08799 4.18037 0.711398
1.08899 4.16569 0.726084
1.08999 4.14463 0.747151
1.09099 4.11751 0.774266
1.092 4.08481 0.806969
1.093 4.04689 0.844894
1.094 4.00465 0.887129
1.095 3.9589 0.932881
1.096 3.91051 0.981281
1.097 3.86039 1.03139
1.098 3.80955 1.08223
1.099 3.75898 1.1328
1.1 3.70969 1.18209
1.101 3.66268 1.2291
1.102 3.61897 1.27283
1.103 3.57938 1.31241
1.104 3.54479 1.347
1.105 3.51592 1.37587
1.106 3.49343 1.39837
1.107 3.47782 1.41398
1.108 3.46949 1.42233
1.109 3.46867 1.42315
1.11 3.47549 1.41635
1.111 3.48988 1.40196
1.112 3.51167 1.38019
1.113 3.54049 1.35139
1.114 3.57587 1.31602
1.115 3.61715 1.27475
1.116 3.66365 1.22827
1.117 3.71453 1.1774
1.118 3.76887 1.12308
1.119 3.82562 1.06635
1.12 3.88384 1.00814
1.121 3.94244 0.949554
1.122 4.0003 0.891712
1.123 4.05633 0.835704
1.124 4.10945 0.782596
1.125 4.15865 0.733402
1.126 4.203 0.689073
1.127 4.24162 0.650468
1.128 4.27375 0.618346
1.129 4.29873 0.593379
1.13 4.31606 0.576047
1.131 4.32541 0.566716
1.132 4.32653 0.565599
1.133 4.31938 0.572758
1.134 4.30404 0.588099
1.135 4.28077 0.611373
1.136 4.24983 0.642315
1.137 4.21192 0.680231
1.138 4.16771 0.724438
1.139 4.118 0.774142
1.14 4.06371 0.828441
1.141 4.0058 0.886346
1.142 3.94535 0.946796
1.143 3.88347 1.00868
1.144 3.82127 1.07087
1.145 3.75993 1.13222
1.146 3.70057 1.19157
1.147 3.6443 1.24786
1.148 3.59211 1.30004
1.149 3.54499 1.34716
1.15 3.50389 1.38827
1.151 3.46948 1.42269
1.152 3.44236 1.44981
1.153 3.42305 1.46914
1.154 3.41185 1.48033
1.155 3.40899 1.4832
1.156 3.41449 1.47772
1.157 3.42823 1.464
1.158 3.44992 1.44232
1.159 3.47915 1.4131
1.16 3.51536 1.37691
1.161 3.55785 1.33443
1.162 3.60577 1.28653
1.163 3.65827 1.23406
1.164 3.71433 1.178
1.165 3.77294 1.11941
1.166 3.83299 1.05938
1.167 3.89337 0.999017
1.168 3.95297 0.93944
1.169 4.01069 0.881742
1.17 4.06547 0.826975
1.171 4.11635 0.77611
1.172 4.16239 0.730087
1.173 4.20276 0.689724
1.174 4.23678 0.655722
1.175 4.26385 0.628661
1.176 4.28354 0.608985
1.177 4.29553 0.596998
1.178 4.29968 0.592854
1.179 4.29598 0.596561
1.18 4.28457 0.607976
1.181 4.26574 0.626814
1.182 4.2399 0.65265
1.183 4.20762 0.684932
1.184 4.16957 0.72299
1.185 4.12651 0.76605
1.186 4.07931 0.813251
1.187 4.0289 0.86366
1.188 3.97627 0.916294
1.189 3.92242 0.970134
1.19 3.86841 1.02415
1.191 3.81523 1.07732
1.192 3.76391 1.12865
1.193 3.71537 1.17719
1.194 3.67052 1.22205
1.195 3.63015 1.26242
1.196 3.59497 1.2976
1.197 3.5656 1.32697
1.198 3.54254 1.35004
1.199 3.52611 1.36648
1.2 3.51655 1.37605
1.201 3.51394 1.37867
1.202 3.51824 1.37439
1.203 3.52926 1.36338
1.204 3.5467 1.34596
1.205 3.5701 1.32256
1.206 3.59896 1.29373
1.207 3.6326 1.2601
1.208 3.67032 1.22241
1.209 3.71129 1.18145
1.21 3.75467 1.13809
1.211 3.79957 1.09322
1.212 3.84507 1.04773
1.213 3.89027 1.00256
1.214 3.93426 0.958584
1.215 3.97622 0.916646
1.216 4.01532 0.877568
1.217 4.05082 0.842087
1.218 4.08206 0.81086
1.219 4.10849 0.784451
1.22 4.12962 0.763331
1.221 4.14513 0.747839
1.222 4.15478 0.738201
1.223 4.15847 0.734525
1.224 4.15621 0.736794
1.225 4.14814 0.744871
1.226 4.13452 0.758503
1.227 4.11562 0.777407
1.228 4.09201 0.801013
1.229 4.06426 0.828764
1.23 4.03301 0.860025
1.231 3.99894 0.894097
1.232 3.96281 0.93023
1.233 3.9254 0.967642
1.234 3.88751 1.00553
1.235 3.84994 1.0431
1.236 3.81348 1.07956
1.237 3.77889 1.11416
1.238 3.74685 1.14619
1.239 3.71802 1.17502
1.24 3.69298 1.20006
1.241 3.6722 1.22084
1.242 3.65608 1.23697
1.243 3.6449 1.24815
1.244 3.63884 1.25421
1.245 3.63798 1.25507
1.246 3.64229 1.25078
1.247 3.65159 1.24148
1.248 3.66567 1.22742
1.249 3.68414 1.20895
1.25 3.70659 1.18652
1.251 3.73248 1.16064
1.252 3.76123 1.1319
1.253 3.79219 1.10096
1.254 3.82467 1.06848
1.255 3.858 1.03517
1.256 3.8914 1.00179
1.257 3.92416 0.969051
1.258 3.95558 0.937654
1.259 3.98497 0.908274
1.26 4.01173 0.881536
1.261 4.03528 0.858002
1.262 4.05513 0.838165
1.263 4.07088 0.822433
1.264 4.08227 0.811061
1.265 4.08903 0.804303
1.266 4.09105 0.802308
1.267 4.08827 0.805096
1.268 4.0808 0.812582
1.269 4.06887 0.824527
1.27 4.05269 0.840713
1.271 4.03264 0.860772
1.272 4.00917 0.884253
1.273 3.98279 0.910637
1.274 3.9541 0.93934
1.275 3.9237 0.969733
1.276 3.89229 1.00115
1.277 3.86054 1.03291
1.278 3.82914 1.06431
1.279 3.79877 1.09469
1.28 3.77008 1.12337
1.281 3.7437 1.14974
1.282 3.72021 1.17324
1.283 3.7001 1.19335
1.284 3.68382 1.20964
1.285 3.67169 1.22176
1.286 3.664 1.22944
1.287 3.66095 1.2325
1.288 3.66256 1.23089
1.289 3.6688 1.22465
1.29 3.67953 1.21392
1.291 3.69453 1.19892
1.292 3.71348 1.17999
1.293 3.73595 1.15752
1.294 3.76146 1.132
1.295 3.78949 1.10399
1.296 3.81941 1.07407
1.297 3.85059 1.0429
1.298 3.88235 1.01115
1.299 3.914 0.979508
1.3 3.94485 0.948669
1.301 3.97423 0.919297
1.302 4.00151 0.892029
1.303 4.02609 0.867461
1.304 4.04743 0.84613
1.305 4.06507 0.828509
1.30601 4.0786 0.814988
1.30701 4.08774 0.805855
1.30801 4.09228 0.801339
1.30901 4.09207 0.801554
1.31001 4.08714 0.806492
1.31101 4.07756 0.816086
1.31201 4.0635 0.83015
1.31301 4.04526 0.848407
1.31401 4.02319 0.870487
1.31501 3.99773 0.895937
1.31601 3.96947 0.924211
1.31701 3.93895 0.954744
1.31801 3.90685 0.986841
1.31901 3.87379 1.0199
1.32001 3.84047 1.05324
1.32101 3.80757 1.08613
1.32201 3.77583 1.11788
1.32301 3.7459 1.14781
1.32401 3.71844 1.17527
1.32501 3.69405 1.19965
1.32601 3.67329 1.22043
1.32701 3.65659 1.23712
1.32801 3.64438 1.24932
1.32901 3.63695 1.25676
1.33001 3.63409 1.25962
1.33101 3.63629 1.25742
1.33201 3.64353 1.25018
1.33301 3.65573 1.23798
1.33401 3.67268 1.22103
1.33501 3.69407 1.19964
1.33601 3.71957 1.17415
1.33701 3.74864 1.14508
1.33801 3.78074 1.11299
1.33901 3.8152 1.07852
1.34001 3.85139 1.04235
1.34101 3.88855 1.00519
1.34201 3.92595 0.9678
1.34301 3.96284 0.93092
1.34401 3.99846 0.895305
1.34501 4.03211 0.861667
1.34601 4.06309 0.830702
1.34701 4.09074 0.803056
1.34801 4.11449 0.779314
1.34901 4.13384 0.759985
1.35001 4.14833 0.745493
1.35101 4.15767 0.73617
1.35201 4.16161 0.732246
1.35301 4.16002 0.733844
1.35401 4.1529 0.740981
1.35501 4.14033 0.753562
1.35601 4.12251 0.771384
1.35701 4.09976 0.794142
1.35801 4.07248 0.821427
1.35901 4.04118 0.852744
1.36001 4.0064 0.887532
1.36101 3.96881 0.925122
1.36201 3.92922 0.964713
1.36301 3.8883 1.00564
1.36401 3.84683 1.04713
1.36501 3.80558 1.08837
1.36601 3.76537 1.12858
1.36701 3.72697 1.16698
1.36801 3.69112 1.20283
1.36901 3.65854 1.23542
1.37001 3.6301 1.26385
1.37101 3.60617 1.28779
1.37201 3.5872 1.30676
1.37301 3.57359 1.32036
1.37401 3.56563 1.32832
1.37501 3.56348 1.33048
1.37601 3.5672 1.32675
1.37701 3.57674 1.31721
1.37801 3.59195 1.302
1.37901 3.61255 1.28141
1.38001 3.63815 1.2558
1.38101 3.6683 1.22566
1.38201 3.70243 1.19153
1.38301 3.73991 1.15406
1.38401 3.78002 1.11395
1.38501 3.822 1.07198
1.38601 3.8651 1.0289
1.38701 3.90849 0.985508
1.38801 3.95139 0.942625
1.38901 3.99296 0.901057
1.39001 4.03245 0.861578
1.39101 4.06911 0.82493
1.39201 4.10226 0.791798
1.39301 4.13127 0.762794
1.39401 4.15561 0.738459
1.39501 4.17485 0.71924
1.39601 4.18862 0.705489
1.39701 4.19667 0.697451
1.39801 4.19887 0.695264
1.39901 4.1952 0.698953
1.40001 4.18573 0.708432
1.40101 4.17067 0.723504
1.40201 4.15031 0.743867
1.40301 4.12508 0.76912
1.40401 4.09544 0.798768
1.40501 4.06209 0.832128
1.40601 4.02555 0.868669
1.40701 3.98654 0.907688
1.40801 3.94581 0.948439
1.40901 3.9041 0.990146
1.41001 3.86224 1.03202
1.41101 3.821 1.07326
1.41201 3.78116 1.1131
1.41301 3.74347 1.15079
1.41401 3.70865 1.18562
1.41501 3.67731 1.21696
1.41601 3.65005 1.24422
1.41701 3.62735 1.26692
1.41801 3.60963 1.28464
1.41901 3.59719 1.29709
1.42001 3.59022 1.30404
1.42101 3.58885 1.30542
1.42201 3.59305 1.30122
1.42301 3.60272 1.29155
1.42401 3.61762 1.27665
1.42501 3.63745 1.25682
1.42601 3.66177 1.2325
1.42701 3.69011 1.20416
1.42801 3.72188 1.17239
1.42901 3.75647 1.13781
1.43001 3.79317 1.10111
1.43101 3.83125 1.06304
1.43201 3.86997 1.02432
1.43301 3.90858 0.985711
1.43401 3.94631 0.947992
1.43501 3.98244 0.911862
1.43601 4.0163 0.878016
1.43701 4.04722 0.847099
1.43801 4.07463 0.819696
1.43901 4.09803 0.796315
1.44001 4.11695 0.777397
1.44101 4.13107 0.763288
1.44201 4.14013 0.754237
1.44301 4.14398 0.750395
1.44401 4.14258 0.751812
1.44501 4.13598 0.758433
1.44601 4.12431 0.770105
1.44701 4.10785 0.786575
1.44801 4.08694 0.8075
1.44901 4.06206 0.832388
1.45001 4.03368 0.860789
1.45101 4.00235 0.892132
1.45201 3.96869 0.92579
1.45301 3.93341 0.961094
1.45401 3.89715 0.997344
1.45501 3.86068 1.03383
1.45601 3.82468 1.06984
1.45701 3.78985 1.10467
1.45801 3.7569 1.13763
1.45901 3.72648 1.16805
1.46001 3.69916 1.19537
1.46101 3.67547 1.21906
1.46201 3.65587 1.23866
1.46301 3.64074 1.2538
1.46401 3.63038 1.26417
1.46501 3.62495 1.26959
1.46601 3.62459 1.26995
1.46701 3.62937 1.26518
1.46801 3.63909 1.25545
1.46901 3.65358 1.24096
1.47001 3.67255 1.22198
1.47101 3.69564 1.1989
1.47201 3.7224 1.17214
1.47301 3.75231 1.14223
1.47401 3.7848 1.10974
1.47501 3.81925 1.07529
1.47601 3.85499 1.03954
1.47701 3.89136 1.00318
1.47801 3.92765 0.966888
1.47901 3.96314 0.931399
1.48001 3.9972 0.897344
1.48101 4.02918 0.865365
1.48201 4.05844 0.836104
1.48301 4.08447 0.810075
1.48401 4.10679 0.787765
1.48501 4.12497 0.76959
1.48601 4.13865 0.755912
1.48701 4.1476 0.746964
1.48801 4.15167 0.74291
1.48901 4.15075 0.743824
1.49001 4.1449 0.749685
1.49101 4.1342 0.760382
1.49201 4.11888 0.775713
1.49301 4.0992 0.795393
1.49401 4.07554 0.819057
1.49501 4.04834 0.846268
1.49601 4.01809 0.876524
1.49701 3.98536 0.909271
1.49801 3.95072 0.943911
1.49901 3.91482 0.979812
1.50001 3.87831 1.01632
1.50101 3.84185 1.05279
1.50201 3.8061 1.08854
1.50301 3.77169 1.12296
1.50401 3.73924 1.15542
1.50501 3.70931 1.18534
1.50601 3.68244 1.21221
1.50701 3.65909 1.23556
1.50801 3.63967 1.25498
1.50901 3.62451 1.27015
1.51001 3.61384 1.28081
1.51101 3.60786 1.28679
1.51201 3.60663 1.28802
1.51301 3.61016 1.28449
1.51401 3.61836 1.2763
1.51501 3.63106 1.26359
1.51601 3.64802 1.24664
1.51701 3.66891 1.22574
1.51801 3.69335 1.2013
1.51901 3.72089 1.17376
1.52002 3.751 1.14365
1.52102 3.78319 1.11146
1.52202 3.81688 1.07777
1.52302 3.85148 1.04317
1.52402 3.88639 1.00826
1.52502 3.921 0.973646
1.52602 3.95473 0.939926
1.52702 3.98699 0.907669
1.52802 4.01724 0.877416
1.52902 4.04497 0.849684
1.53002 4.06975 0.824906
1.53102 4.09118 0.803475
1.53202 4.10894 0.78572
1.53302 4.12276 0.771907
1.53402 4.13244 0.762226
1.53502 4.13787 0.756797
1.53602 4.13901 0.755662
1.53702 4.13588 0.758792
1.53802 4.1286 0.766082
1.53902 4.11735 0.777331
1.54002 4.10236 0.792325
1.54102 4.08392 0.810765
1.54202 4.06239 0.832294
1.54302 4.03817 0.856511
1.54402 4.01174 0.882944
1.54502 3.98358 0.911107
1.54602 3.95414 0.940545
1.54702 3.92395 0.970749
1.54802 3.89349 1.0012
1.54902 3.8633 1.0314
1.55002 3.83387 1.06084
1.55102 3.80566 1.08903
1.55202 3.77915 1.11555
1.55302 3.75474 1.13995
1.55402 3.73282 1.16188
1.55502 3.71374 1.18096
1.55602 3.69771 1.19699
1.55702 3.68495 1.20974
1.55802 3.67561 1.21908
1.55902 3.66978 1.22491
1.56002 3.6675 1.2272
1.56102 3.66873 1.22597
1.56202 3.67347 1.22122
1.56302 3.68151 1.21318
1.56402 3.69266 1.20203
1.56502 3.70666 1.18803
1.56602 3.72323 1.17146
1.56702 3.74205 1.15264
1.56802 3.76275 1.13194
1.56902 3.78498 1.10972
1.57002 3.8083 1.08639
1.57102 3.83233 1.06235
1.57202 3.85667 1.03802
1.57302 3.88088 1.01381
1.57402 3.90459 0.990101
1.57502 3.92741 0.967284
1.57602 3.94899 0.945714
1.57702 3.96898 0.925719
1.57802 3.98711 0.907595
1.57902 4.00311 0.8916
1.58002 4.01676 0.877952
1.58102 4.02789 0.866823
1.58202 4.03638 0.858342
1.58302 4.04213 0.85259
1.58402 4.04512 0.849602
1.58502 4.04537 0.849367
1.58602 4.0429 0.851826
1.58702 4.03785 0.85688
1.58802 4.03034 0.864389
1.58902 4.02056 0.874173
1.59002 4.00872 0.886023
1.59102 3.99504 0.899696
1.59202 3.97981 0.914929
1.59302 3.9633 0.931435
1.59402 3.94576 0.94898
1.59502 3.92755 0.967193
1.59602 3.90898 0.985755
1.59702 3.89039 1.00435
1.59802 3.87208 1.02267
1.59902 3.85426 1.04048
1.60002 3.83733 1.05742
1.60102 3.82152 1.07322
1.60202 3.80709 1.08765
1.60302 3.79433 1.10041
1.60402 3.78335 1.11139
1.60502 3.77429 1.12045
1.60602 3.76726 1.12747
1.60702 3.76237 1.13237
1.60802 3.75962 1.13511
1.60902 3.75906 1.13567
1.61002 3.76064 1.13409
1.61102 3.7643 1.13043
1.61202 3.76981 1.12491
1.61302 3.77721 1.11752
1.61402 3.78634 1.10839
1.61502 3.79702 1.09771
1.61602 3.80905 1.08567
1.61702 3.82222 1.0725
1.61802 3.8363 1.05843
1.61902 3.85109 1.04363
1.62002 3.86629 1.02843
1.62102 3.88166 1.01307
1.62202 3.89691 0.997815
1.62302 3.91179 0.982935
1.62402 3.92606 0.968672
1.62502 3.93946 0.95526
1.62602 3.95181 0.942918
1.62702 3.96288 0.931844
1.62802 3.97251 0.922216
1.62902 3.98054 0.914186
1.63002 3.98685 0.907879
1.63102 3.99134 0.903392
1.63202 3.99397 0.900758
1.63302 3.99471 0.900026
1.63402 3.99353 0.901203
1.63502 3.99047 0.904264
1.63602 3.98558 0.909155
1.63702 3.97895 0.915793
1.63802 3.97067 0.924067
1.63902 3.96089 0.93384
1.64002 3.94979 0.944955
1.64102 3.93751 0.957228
1.64202 3.92428 0.970463
1.64302 3.9103 0.984444
1.64402 3.8958 0.998945
1.64502 3.88101 1.01373
1.64602 3.86618 1.02856
1.64702 3.85155 1.0432
1.64802 3.83737 1.05738
1.64902 3.82386 1.07088
1.65002 3.81126 1.08348
1.65102 3.79977 1.09497
1.65202 3.78958 1.10516
1.65302 3.78087 1.11387
1.65402 3.7738 1.12094
1.65502 3.76848 1.12626
1.65602 3.76502 1.12972
1.65702 3.76349 1.13124
1.65802 3.76392 1.1308
1.65902 3.76634 1.12838
1.66002 3.77071 1.12401
1.66102 3.777 1.11773
1.66202 3.78509 1.10963
1.66302 3.79489 1.09983
1.66402 3.80625 1.08847
1.66502 3.819 1.07572
1.66602 3.83294 1.06178
1.66702 3.84781 1.0469
1.66802 3.86344 1.03127
1.66902 3.87956 1.01515
1.67002 3.89592 0.998784
1.67102 3.91226 0.982442
1.67202 3.92832 0.966392
1.67302 3.94387 0.950845
1.67402 3.95859 0.936117
1.67502 3.97225 0.922458
1.67602 3.9846 0.910105
1.67702 3.99542 0.899275
1.67802 4.00454 0.890165
1.67902 4.01176 0.882944
1.68002 4.01695 0.877751
1.68102 4.02 0.874695
1.68202 4.02092 0.873782
1.68302 4.01958 0.875118
1.68402 4.016 0.878707
1.68502 4.01019 0.884512
1.68602 4.00224 0.892461
1.68702 3.99226 0.902444
1.68802 3.98039 0.914314
1.68902 3.96681 0.927891
1.69002 3.95174 0.942964
1.69102 3.93541 0.959292
1.69202 3.9181 0.976613
1.69302 3.90006 0.99464
1.69402 3.88163 1.01307
1.69502 3.8631 1.0316
1.69602 3.84479 1.04991
1.69702 3.82703 1.06767
1.69802 3.81016 1.08454
1.69902 3.79445 1.10025
1.70002 3.78018 1.11452
1.70102 3.76762 1.12708
1.70202 3.75699 1.13771
1.70302 3.74851 1.14619
1.70402 3.74233 1.15236
1.70502 3.73861 1.15609
1.70602 3.73742 1.15728
1.70702 3.73881 1.15588
1.70802 3.74278 1.15191
1.70902 3.74932 1.14538
1.71002 3.75829 1.1364
1.71102 3.76957 1.12512
1.71202 3.78301 1.11168
1.71302 3.79835 1.09634
1.71402 3.81534 1.07935
1.71502 3.83368 1.06101
1.71602 3.85306 1.04163
1.71702 3.87314 1.02156
1.71802 3.89356 1.00114
1.71902 3.91394 0.980756
1.72002 3.93393 0.96077
1.72102 3.95314 0.941552
1.72202 3.97123 0.923461
1.72302 3.98786 0.906842
1.72402 4.00269 0.892013
1.72502 4.01543 0.879267
1.72602 4.02584 0.868859
1.72702 4.0337 0.861007
1.72802 4.03888 0.855826
1.72902 4.04123 0.853474
1.73002 4.04068 0.854027
1.73102 4.03721 0.857507
1.73202 4.03083 0.863883
1.73302 4.02165 0.873068
1.73403 4.00989 0.884818
1.73503 3.99569 0.899028
1.73603 3.97925 0.91546
1.73703 3.96089 0.933834
1.73803 3.9409 0.953827
1.73903 3.91964 0.975084
1.74003 3.89752 0.99722
1.74103 3.8749 1.01983
1.74203 3.85223 1.0425
1.74303 3.82995 1.06479
1.74403 3.80845 1.08628
1.74503 3.78817 1.10657
1.74603 3.76942 1.12531
1.74703 3.75267 1.14207
1.74803 3.73824 1.1565
1.74903 3.72645 1.16829
1.75003 3.71755 1.17719
1.75103 3.71176 1.18297
1.75203 3.70924 1.1855
1.75303 3.71006 1.18467
1.75403 3.71429 1.18045
1.75503 3.72187 1.17287
1.75603 3.73273 1.16201
1.75703 3.74669 1.14805
1.75803 3.76355 1.13119
1.75903 3.78304 1.1117
1.76003 3.80483 1.08991
1.76103 3.82854 1.0662
1.76203 3.85376 1.04098
1.76303 3.88004 1.0147
1.76403 3.90691 0.987834
1.76503 3.93387 0.960877
1.76603 3.96041 0.934328
1.76703 3.98605 0.90869
1.76803 4.01029 0.884452
1.76903 4.03266 0.862085
1.77003 4.05271 0.842033
1.77103 4.07004 0.824702
1.77203 4.08429 0.810452
1.77303 4.09515 0.799592
1.77403 4.10238 0.792371
1.77503 4.10578 0.788976
1.77603 4.10526 0.789498
1.77703 4.10075 0.794006
1.77803 4.09228 0.802475
1.77903 4.07996 0.814806
1.78003 4.06394 0.830826
1.78103 4.04446 0.850309
1.78203 4.02182 0.872945
1.78303 3.99642 0.898363
1.78403 3.96868 0.926093
1.78503 3.93908 0.9557
1.78603 3.90811 0.986669
1.78703 3.87633 1.01846
1.78803 3.8443 1.05049
1.78903 3.81258 1.08221
1.79003 3.78177 1.11302
1.79103 3.75242 1.14237
1.79203 3.72509 1.16971
1.79303 3.70028 1.19453
1.79403 3.67845 1.21635
1.79503 3.66005 1.23476
1.79603 3.64542 1.24939
1.79703 3.63487 1.25994
1.79803 3.62866 1.26615
1.79903 3.62689 1.26791
1.80003 3.62964 1.26517
1.80103 3.63688 1.25792
1.80203 3.64854 1.24627
1.80303 3.66442 1.23038
1.80403 3.68431 1.21049
1.80503 3.70784 1.18695
1.80603 3.73464 1.16015
1.80703 3.76423 1.13056
1.80803 3.79595 1.09883
1.80903 3.8294 1.06538
1.81003 3.864 1.03079
1.81103 3.89913 0.995649
1.81203 3.93418 0.960591
1.81303 3.96854 0.926229
1.81403 4.00159 0.89317
1.81503 4.03275 0.862005
1.81603 4.06147 0.833288
1.81703 4.08721 0.807533
1.81803 4.10955 0.785203
1.81903 4.12805 0.766696
1.82003 4.14239 0.752346
1.82103 4.15232 0.742411
1.82203 4.15765 0.737069
1.82303 4.15831 0.736416
1.82403 4.15425 0.740463
1.82503 4.14558 0.749136
1.82603 4.13243 0.762278
1.82703 4.11503 0.779677
1.82803 4.0937 0.800998
1.82903 4.06885 0.825853
1.83003 4.0409 0.85379
1.83103 4.01039 0.884304
1.83203 3.97785 0.91684
1.83303 3.9439 0.950785
1.83403 3.90913 0.985546
1.83503 3.87416 1.02051
1.83603 3.83964 1.05504
1.83703 3.80624 1.08844
1.83803 3.7745 1.12017
1.83903 3.74502 1.14965
1.84003 3.7183 1.17637
1.84103 3.69482 1.19986
1.84203 3.67498 1.21969
1.84303 3.65913 1.23554
1.84403 3.64753 1.24714
1.84503 3.64037 1.25431
1.84603 3.63774 1.25693
1.84703 3.63966 1.25501
1.84803 3.64606 1.24861
1.84903 3.6568 1.23787
1.85003 3.67163 1.22305
1.85103 3.6902 1.20447
1.85203 3.71219 1.18248
1.85303 3.73715 1.15752
1.85403 3.76456 1.13011
1.85503 3.7939 1.10077
1.85603 3.82458 1.07009
1.85703 3.85602 1.03865
1.85803 3.88761 1.00705
1.85903 3.91875 0.975909
1.86003 3.94884 0.945808
1.86103 3.97733 0.917314
1.86203 4.00369 0.890942
1.86303 4.02745 0.867179
1.86403 4.04817 0.846458
1.86503 4.06547 0.829148
1.86603 4.07906 0.815549
1.86703 4.08872 0.805887
1.86803 4.09428 0.800309
1.86903 4.0957 0.79888
1.87003 4.09299 0.801583
1.87103 4.08624 0.808321
1.87203 4.07562 0.818917
1.87303 4.06141 0.833118
1.87403 4.04391 0.850602
1.87503 4.02352 0.870983
1.87603 4.00066 0.893821
1.87703 3.97584 0.918628
1.87803 3.94957 0.944882
1.87903 3.92241 0.972033
1.88003 3.89491 0.999516
1.88103 3.86765 1.02677
1.88203 3.84126 1.05313
1.88303 3.81621 1.07816
1.88403 3.79301 1.10135
1.88503 3.77213 1.12223
1.88603 3.75397 1.14037
1.88703 3.7389 1.15543
1.88803 3.72722 1.1671
1.88903 3.71916 1.17515
1.89003 3.71487 1.17943
1.89103 3.71442 1.17988
1.89203 3.71779 1.17649
1.89303 3.72493 1.16936
1.89403 3.73564 1.15864
1.89503 3.74971 1.14457
1.89603 3.76682 1.12746
1.89703 3.78661 1.10767
1.89803 3.80867 1.08562
1.89903 3.83251 1.06178
1.90003 3.85763 1.03666
1.90103 3.88353 1.01077
1.90203 3.90963 0.984673
1.90303 3.9354 0.95891
1.90403 3.96029 0.934026
1.90503 3.98378 0.910547
1.90603 4.00536 0.88897
1.90703 4.02459 0.869752
1.90803 4.04103 0.853307
1.90903 4.05435 0.83999
1.91003 4.06426 0.830093
1.91103 4.07051 0.823839
1.91203 4.07297 0.821379
1.91303 4.07157 0.822786
1.91403 4.0663 0.828057
1.91503 4.05724 0.837114
1.91603 4.04456 0.849793
1.91703 4.02848 0.865862
1.91803 4.00932 0.88502
1.91903 3.98749 0.906827
1.92003 3.96337 0.930942
1.92103 3.9374 0.956898
1.92203 3.91009 0.984191
1.92303 3.88198 1.01229
1.92403 3.8536 1.04064
1.92503 3.82552 1.06871
1.92603 3.79832 1.09589
1.92703 3.77251 1.12167
1.92803 3.74861 1.14555
1.92903 3.7271 1.16704
1.93003 3.7084 1.18571
1.93103 3.69289 1.20118
1.93203 3.68091 1.21314
1.93303 3.6727 1.22133
1.93403 3.66843 1.22557
1.93503 3.66822 1.22576
1.93603 3.67209 1.22186
1.93703 3.67999 1.21394
1.93803 3.69179 1.20212
1.93903 3.70725 1.18663
1.94003 3.72615 1.16772
1.94103 3.74814 1.14571
1.94203 3.77283 1.12101
1.94303 3.79977 1.09405
1.94403 3.82848 1.06534
1.94503 3.85842 1.03539
1.94603 3.88907 1.00474
1.94703 3.91986 0.973949
1.94804 3.95023 0.943582
1.94904 3.97962 0.914187
1.95004 4.00752 0.886293
1.95104 4.03329 0.860538
1.95204 4.0566 0.837229
1.95304 4.07706 0.816783
1.95404 4.09429 0.799558
1.95504 4.10801 0.785855
1.95604 4.11794 0.775944
1.95704 4.12394 0.769956
1.95804 4.12593 0.76798
1.95904 4.1239 0.77003
1.96004 4.1179 0.776049
1.96104 4.10805 0.785906
1.96204 4.09458 0.799399
1.96304 4.07773 0.816266
1.96404 4.05785 0.836147
1.96504 4.03531 0.858695
1.96604 4.01053 0.883487
1.96704 3.98395 0.910067
1.96804 3.95607 0.937949
1.96904 3.92739 0.966629
1.97004 3.89842 0.995598
1.97104 3.86967 1.02434
1.97204 3.84164 1.05237
1.97304 3.81481 1.07919
1.97404 3.78963 1.10435
1.97504 3.76651 1.12745
1.97604 3.74582 1.14812
1.97704 3.72789 1.16603
1.97804 3.71299 1.18092
1.97904 3.7013 1.19259
1.98004 3.69296 1.20089
1.98104 3.68807 1.20576
1.98204 3.6866 1.2072
1.98304 3.68866 1.20511
1.98404 3.69403 1.19973
1.98504 3.70251 1.19122
1.98604 3.71389 1.17981
1.98704 3.72789 1.16578
1.98804 3.7442 1.14945
1.98904 3.76246 1.13116
1.99004 3.78231 1.1113
1.99104 3.80332 1.09026
1.99204 3.82512 1.06845
1.99304 3.84728 1.04627
1.99404 3.8694 1.02414
1.99504 3.89109 1.00244
1.99604 3.91197 0.981547
1.99704 3.93172 0.961799
1.99804 3.95001 0.943506
1.99904 3.96657 0.92694
