7.08765e-05
0.00227754
-0.000437157
0.00270371
0.000138056
0.00134538
0.00409586
-0.00256081
0.000327219
-0.00308177
-0.000941066
0.00480345
0.000173544
0.0020928
-0.00202682
-0.00176586
-0.000777942
0.00133074
-0.000948824
0.00169878
0.000818525
0.00111127
-0.000241152
0.00210024
0.002315
0.000830586
0.000461539
-0.00138226
-0.000702902
0.00118857
0.00237268
0.0023087
0.000492945
-0.00106824
0.00160035
-0.00229284
-0.0033582
0.00146585
-0.00150823
0.000563848
0.00190303
0.000217085
0.000522244
-0.000690378
-0.000524572
0.00139644
0.000263958
0.0013114
2.85793e-05
0.00224487
0.000237277
-0.00194356
0.000408159
0.00631771
-0.00414966
-0.0002096
0.000826392
0.0005584
0.00105938
-0.00398224
-0.000852212
0.000429285
0.00254944
0.00297684
0.00235715
0.000978926
-0.00314593
0.00290673
-0.000215456
-0.00114975
0.000194095
-0.0011216
0.00186813
-0.00213686
0.000777183
-0.0015283
0.00255729
-0.00164884
0.00364928
-0.000475462
-0.00288529
6.84118e-05
0.000355577
0.000796078
6.45622e-05
0.000451261
-0.0024125
-0.00187525
-0.00168074
0.00179246
-0.00170368
0.000171864
-0.000501394
-0.00260343
-0.000167552
-0.00115015
0.00156821
0.000119628
-0.00161151
-0.00140174
0.00172254
0.00133498
0.000140477
0.000670339
0.0024504
-0.00182844
0.00209646
0.00161166
-0.000588979
0.00182367
-0.00170569
-0.000210811
-0.000858877
0.00145406
-0.00241501
0.00203597
-0.00073385
-0.00149854
-0.00410168
0.000281941
-0.00345079
-0.00156465
-0.00266791
-0.000288072
-0.000975977
0.000286282
0.00119051
-0.00259731
-0.00278974
0.00300873
-0.00083608
0.00241562
0.000947467
0.00220605
9.32398e-05
0.000366876
-0.00337574
-0.000651323
-0.000696875
-0.000355961
-0.00173853
0.000299395
0.00241609
0.000125632
-0.000896037
-0.00739752
-0.000654519
0.000950341
-0.00149785
-0.00055048
-0.00141325
-0.00123343
0.000545154
-0.000878334
0.00110826
0.00280284
0.0024141
-0.000324184
-0.00425528
0.00369125
-0.000663457
-0.000747082
0.00211008
-0.00323698
-0.00154279
-0.000643086
0.000637074
-0.00125317
0.00131786
0.00454756
0.00101235
0.00305708
0.000242322
0.000408867
-0.000188171
0.00229449
0.000409399
0.00193369
0.000291548
0.00173403
-0.00150607
0.00166048
-0.00285975
0.0019255
-0.00227277
0.00158509
0.00136312
-0.00437309
-0.00152661
0.00146896
0.00418538
0.000462889
-0.00231147
0.00195916
0.000736773
-0.000806988
-0.00160464
-0.00122629
0.000545835
0.0034065
-0.00129534
-0.001035
0.00248383
0.00172476
0.00237525
-0.00073696
0.000940603
-0.00017805
-0.00175319
-0.00141222
-0.00120974
-0.000429096
-0.0035663
-0.000779743
-0.00136025
-0.00194978
-0.00220466
-0.0066164
-0.00183851
-0.000733376
0.00147194
-0.00198036
0.00324888
0.00247858
0.00557285
0.00046615
-0.00143539
-0.0016227
0.0021706
0.00201428
-0.00195011
-0.00234591
-0.00210513
-0.0031422
0.00288808
-0.00378865
-0.00043599
0.000544429
-3.40176e-05
0.000521968
0.00204212
0.00144306
-0.00418041
0.00238336
-0.00241266
-0.00124847
-0.00331849
-0.00135954
-0.0012457
-0.0014973
0.000527682
-0.00359205
-0.00057362
0.000263944
0.00292688
-0.000587206
-0.00211044
-0.00194515
0.000465176
-0.00492598
-0.00476521
0.00138538
-0.00227967
-0.00203279
0.00178017
-0.00322945
-0.00180441
-0.00149083
0.000824224
0.00091087
0.00190824
3.64962e-05
-0.000294403
0.00205613
-0.0005508
0.00027367
-0.00240081
-0.000304601
0.00169536
-0.000606604
0.000854159
-0.000471165
-0.00042115
-0.00323193
0.00347537
-0.000794262
-0.00031722
-0.00250826
4.99539e-05
-0.00378073
-0.00243537
9.2226e-05
0.00157657
-0.00142425
0.000891392
0.000501574
-0.00110191
0.00211378
0.00187729
0.00329273
0.000157131
0.000808118
-0.000210882
0.00383476
2.99477e-05
0.00205992
0.000136552
0.000611252
-0.00111293
-0.000879666
-0.00623461
0.00336498
0.00126027
-0.000416614
-0.00492408
0.00102038
0.00142513
-0.00028292
0.00167743
-0.00120724
-0.000136976
0.00268512
0.0016152
-0.00129579
-0.00208046
-0.00018289
0.00213035
-0.000307165
-0.000939451
0.000954851
-0.000560218
0.00206931
-0.000816054
0.00204454
0.00184844
0.00204374
0.00102566
-0.000767311
-0.000162263
0.00432253
0.000932069
-0.000157813
0.00308594
-0.000422695
0.00240209
0.00320343
-0.00242965
0.000759326
-0.000559949
0.00269187
0.00281338
0.00217375
0.0018433
0.00111404
-0.00234314
0.0037741
-0.00186253
0.00399134
-0.000456109
-2.9747e-05
0.000829405
0.00167153
-0.000799525
-0.00561152
0.00074868
-0.00192526
0.00206458
-0.000807885
8.73589e-05
-0.000948263
-0.000890649
-0.00169802
0.00157917
-0.0012424
0.000574872
0.00088563
-0.00159099
0.0011924
-0.000934316
0.000515762
0.000695959
-0.00140539
-0.00017972
-0.000206873
0.00332612
0.000424004
-0.00035457
-0.00227047
0.000308567
0.00197568
0.000617524
-0.00152224
0.000704388
0.00363602
-0.00150588
-0.00113723
-0.00221819
-0.00287406
0.000646286
0.000771447
-0.000546406
0.00337443
0.002049
-0.00184271
-0.0015313
-0.000194089
0.00206115
-0.000332078
-0.00177889
-0.00191102
-0.00359114
0.00184627
-0.000456128
4.47035e-08
-0.00115451
-0.000705154
-0.00274776
0.00110866
-5.31975e-05
0.000745196
0.000249902
-0.00243682
0.00223119
-0.00176698
-0.0028469
-0.0026323
-0.00013936
-0.00160983
-0.00191678
-0.00256566
0.00215804
0.000302978
-0.00320912
0.0010933
0.00127199
-0.00119136
-0.00190777
0.000440705
0.00109836
-0.0007381
0.00138618
0.00131396
-0.00183848
-0.00193495
-0.00137715
-0.000201762
0.000139442
-0.000882203
-0.00189902
-0.00421823
0.00390243
0.00116492
-0.00226436
0.00200944
0.00265302
-0.00164409
0.00304566
-0.000607273
-0.000429671
-0.00250164
-0.000102158
-0.00119192
0.000851463
0.000167226
0.00424136
-0.000487725
0.00174069
-0.00204449
0.0047063
8.81879e-05
4.18673e-05
0.0013285
-0.00126738
0.000970584
0.00271566
3.78283e-05
-0.00209811
-0.000295192
0.00195688
-0.000949806
-0.000208359
0.00176222
-0.00355467
0.000436218
0.000793582
0.00319903
0.0016187
0.000460199
-0.000899522
-0.00163512
0.00102387
0.00171895
-9.37409e-05
-0.000707641
-0.00082822
-0.000177636
0.00143986
-0.0020883
0.000594755
0.0013811
0.000851141
-0.00228896
1.47422e-05
0.0029114
0.00176817
-0.000421828
-0.000324628
0.00346341
0.00213208
-0.00120991
-0.00118804
-0.000956195
-0.00275555
-0.00097162
0.00258376
0.00127224
-0.00129123
0.00101092
-0.000880637
0.000426845
0.00255676
-0.00389075
-0.000555546
-0.000602555
-0.000573079
0.0012182
0.00203192
-0.00205251
0.00231287
-0.000185123
0.00264277
0.000210766
0.000446773
-0.000452119
-0.000150796
-0.000500609
0.00187668
0.00261694
-0.000716816
0.000955514
-0.0018465
0.000690481
0.00731975
-0.00127791
0.00325199
0.00258236
0.00621057
-0.00162809
0.000485366
-0.000885735
0.00162186
-1.91899e-05
-0.00074677
-0.00180904
0.00231861
0.00128947
0.00269333
0.00118207
0.002476
0.00159756
-0.00177848
0.00167983
-0.000874861
0.00150629
-0.00160519
0.00168128
-0.00185777
-0.00356148
0.00107817
0.000177737
0.00116932
0.00237272
-0.0018963
0.0011686
-0.00212158
-0.00235006
0.000626563
-0.00212974
-0.000896482
-0.00154431
-0.000143443
-0.00235904
0.00113644
0.00186732
-0.00104202
0.000469433
0.000333564
-0.0015932
-0.000953597
-0.000204596
-0.00642962
1.30359e-05
-0.00128761
-0.000871374
-0.0011773
-0.000151207
-0.0022331
-0.000233726
3.44064e-05
0.00195954
0.00455916
-0.00148687
0.00116212
-0.00198571
0.00326228
0.00218815
-0.00116783
0.000363535
-0.00495401
0.000534733
0.00162046
-0.000110858
0.0011873
3.64035e-05
-0.00102749
-0.00391459
-0.00255284
0.00224345
-0.00142765
-0.000420032
-0.000884146
-0.00142356
0.00279225
0.000444103
0.000345869
-0.00170212
-0.00313733
0.00104769
0.000769161
0.000325239
0.000186925
0.000709508
0.00162785
-0.00130025
0.00166965
0.00129437
-0.00233457
-0.00283209
-0.000965935
-0.00227125
0.000952561
-0.00249156
0.000532596
-0.000465869
0.000573283
0.00265618
-0.000339028
0.00112374
0.00152785
0.000875306
-0.00224668
-0.00247934
0.00264183
-0.00329594
0.00101764
-0.000119341
-0.00137079
0.00136376
-0.00185315
0.00251238
-0.000945915
0.00112586
0.000175445
-0.00244182
0.00378188
-0.000856844
0.00208671
-0.00265077
-0.000445724
-0.00193224
-0.00154457
-0.002613
-0.00120932
0.00186141
1.38516e-05
0.00239712
0.00124139
0.00302476
0.000498501
5.64481e-05
0.00053065
0.00121448
0.00060008
6.10533e-05
0.00152633
-0.000970665
0.00452528
-0.003948
-0.0030018
-0.00194475
0.00280236
-0.000589195
0.00232944
-0.000225393
-2.8496e-05
0.00206375
0.00160012
-0.000787227
0.00312696
-0.00167618
6.45118e-05
-0.00197643
-0.0010721
0.00157468
0.00435641
0.0016663
0.000879353
0.00115466
0.00124376
-0.00122837
-0.00147414
-0.000831339
0.00565141
0.00205185
0.0020728
0.00151093
-0.00197188
0.00197536
0.00167531
-0.00148947
-0.00532853
0.00115955
0.000564813
0.00236721
-0.0018681
-0.00249205
0.00123393
0.00357063
-0.00023897
0.000896412
-0.001954
0.00361994
0.00193754
-0.00020478
0.00134723
0.00182458
-0.00129958
-0.000399524
0.000192732
0.00470964
0.000987013
0.00146351
-0.000881294
0.000974013
0.00059161
-0.00182632
-0.000185536
0.0015272
-0.00414179
-0.00126822
-0.00505076
-0.00399103
0.00418012
0.000594383
0.00261473
-0.00201304
0.0011799
0.000698802
-0.00234656
-0.00186243
-0.000986932
-0.00114272
-0.00215087
-0.00211337
0.00129858
0.00245447
0.00360185
0.00716893
-0.000981345
1.50184e-05
0.00469652
-0.00616191
-0.00121373
-0.000932716
0.000979671
0.00242598
-9.92417e-08
-0.00205646
0.000856056
9.45818e-05
-0.00043473
0.000887244
0.000208459
-0.000527698
-0.00111021
-0.000267507
0.000261352
-0.00451387
-0.00275505
0.00088765
-0.00177291
-0.000536438
0.00338614
-0.000891255
0.00019371
0.00103277
-0.00155212
1.59924e-05
0.00103184
0.000148229
-0.00498764
0.000979181
0.000153262
-0.00117662
-0.00477958
-0.00154734
-0.00193757
4.13272e-05
-0.000660701
0.00191739
-0.00383793
0.00156722
1.77523e-05
0.000345673
-0.00182853
0.00162565
-0.00430536
0.0012331
0.00170947
-0.00256704
-0.000486713
0.00474641
-3.47393e-05
-0.00072132
-0.000939409
-0.00370199
-0.00316126
0.000185706
0.000174885
0.00137079
-0.00299363
0.000206037
-0.000289651
0.000491571
0.00181658
-0.000247849
0.00179783
0.00430064
0.00346517
-0.00177687
0.00179751
0.00438276
0.00376626
-0.00093408
0.0002748
-0.00206612
-0.00242287
0.000353012
0.00236304
0.00275689
0.000873625
-0.00112995
0.00264838
-0.00196449
0.000738298
-0.00149556
-0.00172134
0.00105097
0.00143327
0.00121645
-0.000226056
0.00190717
-0.00122149
0.00252435
-0.000362886
-0.00268772
-0.000780919
-0.00138265
-0.00289445
-0.0010087
-0.000348633
0.00244258
-0.0010891
-0.000499563
-0.00161262
0.0020446
0.000257062
-0.000923635
-0.000415195
-0.000335614
-0.00142047
-0.00271359
0.00115508
-0.00210141
-0.00135043
-0.000698593
-0.000647403
-0.000284541
-0.00303688
-0.00218616
-0.00188524
9.41919e-05
0.00366813
-0.000288767
-0.000423206
-0.000531948
0.000157012
0.00143275
0.000709499
0.000529924
-0.00294017
-0.00294988
-2.81267e-05
-0.00070023
-0.000146569
0.00106784
-0.00160789
-0.00401818
-0.00389404
0.000649582
-0.000224596
-0.00126089
0.00113022
-0.00187273
-0.000455361
0.00358146
0.000185221
0.001557
-0.000469318
0.000510193
0.00278955
0.000399118
-0.00234607
0.00240521
-0.00402739
0.000179029
-0.00115722
0.000266349
-0.00104911
0.00280101
-0.00200125
-0.000663502
0.00460114
0.000780669
0.00123741
-0.000199452
-0.000736234
0.00314534
-8.92357e-05
-0.000601558
0.000353035
0.00305744
0.000742509
-0.00113457
-0.00243347
-0.00319053
-0.00135509
0.000759082
0.00196185
0.000798069
-0.00135064
0.00138548
-0.00144276
-0.000667577
0.000727782
-0.00130494
0.00261061
0.00284769
0.00174824
-0.00164936
0.00200984
0.00367984
0.000371451
0.00192417
0.000607799
-0.00100978
-0.00108749
0.00393492
-0.00135213
0.00150664
-0.000729857
0.0018196
0.0011173
-0.00563511
-0.00251238
0.001853
-0.00314876
-0.000755792
-0.000141243
0.00249551
-0.00482
0.00116819
0.000773363
-0.00139232
-0.00267592
-0.00108482
-4.60357e-06
0.00508106
-0.00156349
-0.000996532
-0.00168787
-0.00310558
-0.00118549
0.00149086
0.00247204
0.0025099
-0.00281702
-0.00178676
0.00226186
-0.000889244
0.00349593
-0.00148162
-0.00209286
0.000891125
-0.00146609
-0.00133937
-1.99277e-05
-0.00111322
0.000522647
0.00368873
-0.00180368
0.000563316
0.000981916
0.00193361
0.00209992
0.00153096
-0.00227445
-0.000753277
0.00149477
-0.000802822
0.000831098
0.00380916
-0.000487751
0.0030631
0.00131109
-0.00107023
0.00193135
0.00185219
-9.50892e-05
0.00107555
-0.00205621
-0.000295304
0.00300355
-0.00105549
-0.00240857
-0.00194221
0.000247212
0.000555282
-0.000233026
-0.00204475
0.000389605
0.000696058
0.00143365
-0.00124563
-0.000148853
0.000596869
-0.00338667
0.000491687
0.0037654
0.00181038
0.00311848
0.000672524
0.00160762
-0.000798683
0.000350201
0.000172023
0.000716228
-0.000488751
-0.000726756
-0.00233168
-0.00246423
4.55622e-05
0.00031313
-0.00344053
0.00173258
0.000910636
-0.00162673
-0.000732216
-0.00112938
0.000827583
4.72149e-05
0.00218256
-0.0010614
-0.00120261
-0.00225419
0.00145795
0.00245618
-0.00187205
-0.000688781
0.00216724
0.00479995
-0.00101204
-3.31565e-05
0.00155249
0.000770659
-0.00305122
-0.000954359
-0.0011003
-0.00016885
0.000899412
-0.000444535
0.000375276
-0.0018026
0.00388239
0.000593095
0.00468212
0.000769611
0.00185869
-0.000783032
0.00303315
-7.41674e-05
0.00212617
0.00167083
0.00155717
-0.00224632
0.00291586
0.00025105
-0.00405798
-0.00253272
0.00273729
0.00236712
-0.00262564
-0.00153383
-0.000631934
0.00230278
0.00225954
-0.000307479
-0.00173644
-0.00196772
0.00261443
0.00220928
0.000371003
-0.000101884
-0.0032994
0.000240422
-0.00259632
-0.0035014
-0.00169197
0.00281359
-0.000573166
-0.00220973
-0.000474549
-0.00138528
0.00298688
-0.0017624
-0.000642198
0.00216352
0.00127439
-0.000532755
0.003565
0.000787821
-0.00118025
-0.00315108
0.00229001
0.0007833
0.00298797
0.00131958
-0.00265645
-0.00229525
0.00264786
0.0053774
0.00471141
-9.20646e-05
-0.000119465
-0.00349288
-0.00376457
0.000365268
-0.00280853
-0.00148883
-3.27247e-05
-0.000167737
-0.000706008
0.0025499
0.00110491
-0.00107744
-0.00270036
-0.00275095
-0.00202086
0.00187554
-0.000106895
-0.00235825
-9.99453e-05
0.00138116
-0.0018593
-0.000744195
-0.000462174
-0.00246186
-0.00255167
-7.11829e-07
-0.0014509
-0.00478452
-1.82657e-05
-0.00151076
-5.08933e-05
0.0038266
-0.00125649
9.69595e-05
0.000226061
-0.000801322
0.00132727
-0.00352568
0.00175436
-0.00245942
0.00306833
0.000103144
-0.000488127
-0.00387895
0.000528874
0.000295295
0.00208775
-0.00276068
0.000918429
-0.00086437
0.00197417
0.00209353
0.000971759
-0.00136288
0.00352978
0.00159024
0.00132716
-0.00171397
0.00164743
-0.00138694
-0.000405222
-0.0011308
-0.00156808
0.000954656
0.00171307
0.00141539
-0.00381726
0.000260122
0.00167584
0.00196949
0.000826397
0.0012685
-0.000720968
-0.00303585
0.00143142
0.00357453
0.000624319
0.000587735
-0.00334836
-0.00104458
0.00324772
0.00239904
-0.00203946
0.000689411
-0.00222174
-0.00239552
-0.000389837
0.0023414
-0.000989148
-0.00155317
-0.00231221
0.00121935
1.74358e-05
-0.000827693
-0.000436543
-0.000998911
-0.00255512
-0.000295006
0.00215618
0.00255282
-0.00116569
0.000104102
0.00070054
0.000706308
0.000427356
-0.000501326
0.000514644
-0.00162471
-0.00424572
0.000760056
3.96448e-05
0.00361176
0.00016953
0.000829368
0.000505815
0.000858507
0.00151419
-0.00399442
0.000232058
-0.00272323
-0.00140431
0.000874748
0.00179261
0.00130921
-0.00475291
-0.00148055
-0.00323432
-0.00246045
0.000878521
0.00270672
-0.00477047
0.00327454
-0.000334499
0.000745331
0.000443779
-0.00417227
-0.00335172
-0.00175242
-0.00150078
-0.00305047
0.00196927
0.00124563
-0.00381192
-0.000650847
-0.000530928
0.000651873
-0.00352384
-0.00189417
0.000772406
0.000428041
-0.00130025
0.00246167
-0.00131757
-0.00290225
0.000691686
-0.0012646
-0.00103565
0.000978209
-0.000652739
0.00381185
0.000508847
-0.000608646
0.00282517
-0.00363802
-0.00388253
4.84529e-05
-0.00323689
-0.00291073
0.00104326
-0.00117308
-0.00219708
0.00018906
-0.00449766
-0.00195637
0.00267269
-0.000468635
0.00161858
0.00325249
0.000393981
-0.000290284
0.000167514
0.00194739
-0.000857912
0.00159422
0.0026546
0.00372782
-0.00326245
-0.00160729
0.000807815
-0.000388888
-0.00180936
-0.00129605
0.00169916
-0.00251324
-0.0010921
0.00189266
0.000575551
-0.000799168
0.00256659
-0.000971873
0.000622851
-0.00358244
0.00207428
0.00068656
-0.00168164
0.00141314
-0.00345171
0.00472221
0.00109902
0.000609677
-0.000335628
-0.00139201
-0.00022246
0.00145254
-0.00373548
-0.000693866
0.00125837
-0.00278243
0.00037297
-0.000540621
2.11738e-05
0.00138551
0.00077461
-0.00100562
0.0021566
0.0031549
-0.00219361
-0.000131497
-0.00111859
-0.00357296
0.00158632
0.00267503
-0.00290166
0.000702103
0.000223959
-0.00120746
-0.000514454
0.000435814
-0.0012617
-0.00247427
-0.00163266
0.00102721
-0.000768351
0.000834396
-0.000182927
-0.000606192
-0.00387226
-0.00168309
-0.000189663
0.000506772
0.000467149
0.0036499
-0.00073308
-0.00138524
-0.0012017
-0.00156191
-0.00177457
-0.000458152
0.000992049
-0.000128564
-0.000271847
-0.000113589
-0.000586572
9.34227e-05
-0.00239572
0.00292977
0.0016166
6.55474e-05
7.76541e-05
-0.00319368
0.000612061
0.00117486
0.00135416
0.00376833
-0.000587368
-0.00157518
-0.000762322
-0.000452269
-0.000432077
0.00177548
-0.00459734
-0.00491825
0.00153795
-0.000676718
-0.00134205
-0.00322265
0.000423224
-0.000314465
-0.000188984
-0.00119511
0.00269509
0.00265075
0.00135695
-0.00106889
-0.000368405
0.002216
-0.00150631
-0.00155453
-0.000610344
0.00128701
-0.0012069
-0.00679734
-0.000186923
-0.00394549
0.00377814
0.00204081
-0.00141643
-0.000921451
-0.00130063
0.000785213
-0.00219707
-0.00123582
0.000822297
0.00273718
0.00068835
0.00268
0.00369715
-0.00154705
-0.000780356
-0.000350024
-3.23058e-05
-0.00128642
-0.000831403
-0.0013746
0.000278491
0.00144209
-0.0024247
0.00154432
0.00423084
-4.05793e-05
0.00010606
-0.00131038
-3.8941e-05
0.00427112
-0.00116509
-0.00018474
0.00190916
9.20506e-05
0.00157533
-0.00270005
-0.00189163
0.00280965
-0.00073795
0.00191436
0.00194725
0.00469402
0.00129471
0.00170466
-0.0016107
-0.00267842
-0.00144787
0.00106462
-0.000773095
0.000363885
0.00325435
0.0026105
-0.000836254
-0.00308996
0.000962481
-0.000929789
0.000263596
-0.00163305
0.000383226
-0.0033865
-0.00174855
0.00211728
3.94188e-05
-0.0040524
-0.000640015
-0.00108613
-0.00245689
0.000228714
-0.00158403
-0.000176537
-0.000624853
-0.00329889
-0.0002233
-0.00235478
0.00209057
0.00085074
-0.00161848
-0.00271605
-0.000670618
0.000289709
0.000817485
-0.000949876
-0.000188165
0.00539001
-0.000621678
-0.00208714
-0.000949032
0.00294697
-0.000746111
0.0024819
0.00390932
0.000223165
0.00133946
-8.56457e-05
0.000329687
-0.00231205
0.00151299
0.000903287
0.000871185
0.00460289
-0.00216025
-0.00336312
-0.00352571
0.000478759
-0.00194473
0.00246003
-0.00128349
-0.000644192
0.00401456
0.000653127
0.0029603
0.000698811
0.00319324
-0.000538843
0.000680527
-0.000916536
0.000206524
0.00329322
-0.00132566
0.00250508
0.00201607
-0.00148596
-0.000301359
0.000469153
0.00110983
-0.00505998
0.00114005
-6.52568e-05
0.000934395
-0.000583019
-0.000117875
0.00182339
-0.000347086
7.50617e-05
-0.000430769
0.000483316
-0.000473034
0.000902237
0.00372536
-0.000587409
-0.00102996
0.00255857
-0.00405039
-0.00135735
-0.0010822
0.000793761
0.000357129
0.00194273
0.000532707
0.00185809
0.00122464
-0.000254636
-0.00323629
-0.00190068
-0.00344266
0.00143065
-0.00185709
0.0013984
-0.00134332
0.00212108
-0.00212469
0.00120297
0.000909893
0.000373842
-0.00139747
-0.00266987
-0.00190282
0.000758129
0.00144016
-0.00216255
-0.00368771
-0.00297904
-0.00350729
-0.00321701
-0.000956644
-0.000860599
0.00109254
0.00241303
-0.00191886
-0.000970206
0.00110973
0.00253829
0.00142532
0.00143054
-0.00296271
0.00171281
0.000133833
-0.00137912
0.000316858
0.0015207
-0.0025467
0.00108355
1.92565e-05
0.00151823
-0.00115762
0.00131812
0.0022195
-0.000246128
-0.000538029
0.000672155
0.000454143
-0.000372492
0.00104366
0.000658775
-0.0001034
-0.00431065
0.00355084
-0.00177044
0.00258098
-0.00224209
3.66122e-06
0.000573615
-0.00378416
-0.00126313
-0.000627572
-0.00258336
-0.00297339
0.00259398
-0.000810227
0.00066795
0.000934889
-0.000285211
-0.000835598
-0.00179417
-0.00154124
0.000601401
0.00294133
-0.00271248
-0.002953
-0.000913336
0.00115591
0.00081965
0.00134198
-0.000410596
-0.00111067
-0.0014818
-0.000332517
-0.00133725
-0.000422293
-0.000844816
-0.000599893
0.00276172
0.00326404
-0.000450226
-0.00182445
-0.000901566
4.17823e-05
-0.00135662
-0.00148092
0.00207303
0.00233732
0.00266544
-0.00108171
-0.00156063
-0.00263239
6.83665e-05
0.00194692
-0.00396911
0.000508511
0.00261256
-0.000785728
-0.000935817
0.000322856
-0.00259922
0.00127064
0.00209427
-0.000904798
-0.0018896
-0.00250685
0.00129084
3.8487e-05
-6.88723e-05
0.00081256
-0.000216357
0.00252195
0.0019699
0.0015569
-0.000478049
-0.00271762
-0.00454347
-0.00130826
0.00363737
0.00281129
0.000249479
-0.00180409
-0.00437694
-0.00304502
-0.00416673
-0.00355363
0.000844832
0.00284656
-0.000587177
0.00425432
-6.24702e-05
-9.74576e-05
0.00117131
-0.000819327
0.00171885
0.00248099
-0.000275621
0.00023455
-0.000500672
0.00296291
-0.00164393
0.00213461
0.00188931
-0.00341935
0.00071596
-0.00145077
-0.0022489
0.000776938
-5.26336e-05
-0.00260638
0.000362912
-0.00350983
-0.00117122
0.000434881
-0.00252619
-0.00106382
0.000628787
0.00145236
-0.00153947
-0.00481019
0.00134701
0.00109007
-5.77062e-05
-0.000141506
-0.00331513
-0.0010804
-0.000688783
-3.34456e-05
0.00199054
0.00144659
-0.000379323
-0.0033658
0.000628024
-0.00132782
-0.0026866
-0.0012604
-6.83662e-05
-0.00154845
0.00274078
0.00393738
-0.00096395
-6.26772e-05
-0.00432637
0.000469324
-0.00288905
-0.00236663
0.00244564
0.00103151
0.00238869
-0.00244618
0.00107718
0.000686839
0.00180824
-0.00172289
-0.00248496
0.00220885
-6.04892e-05
-0.000143343
-0.00071907
-0.000884437
-0.00142692
0.00156624
-0.00063818
0.00216171
-0.00357264
-0.000182651
-0.00229954
0.000114922
0.000945844
-0.00349734
-6.12215e-06
0.0054327
0.000136313
6.91138e-05
0.000452741
0.000510519
0.000670101
-0.000101598
-0.00105485
7.99617e-05
0.000452482
-0.00531194
-0.0020615
-0.000467261
-0.00169494
-0.0013011
-0.00120239
0.000964528
0.00121316
0.000675525
-0.00436161
0.00363153
-0.00042112
-0.000562909
0.00187526
-0.000235346
0.00208816
0.00329879
0.00394468
0.000173861
0.00469346
-0.000126149
0.000157659
8.96744e-05
0.00454196
-0.00233109
-0.00235447
0.000610124
0.000510338
-0.000416032
-0.00218988
-0.00174608
-0.000396265
-0.00112239
0.000495481
0.00060414
0.000220135
0.00226019
-0.00101944
-0.0012079
1.98913e-05
-0.000938299
-0.00142128
0.00280776
0.00109181
-0.00302822
-0.000643935
0.000302896
-0.00430766
-0.000771691
-0.00261334
-0.00500034
0.00185816
0.000643881
0.000120175
0.00177198
0.00133195
0.000730769
-0.000336747
-0.000774988
-0.00309561
0.000347275
0.000197855
-9.19965e-05
0.00211882
-0.00217663
-0.00254937
-0.00050603
-0.00471834
-0.000478224
0.000890051
6.49257e-05
0.00118818
0.00267868
-0.000334772
-0.000340484
0.00390405
0.00172756
0.0048596
0.00465869
-0.00201505
-0.00270351
0.00534848
0.00411387
0.00112858
0.000101813
0.00163107
-0.000189888
-0.00195676
-0.00149884
0.00175774
-0.00151586
0.00164561
-0.000766443
0.00107628
0.000775293
-6.00393e-05
0.00172096
-0.00325972
-1.50068e-05
-0.00160078
0.00118273
-0.00464178
0.00302697
0.000681704
-0.000284259
-0.000674316
0.000549733
-0.0013447
-0.000713733
0.000499226
-0.000472816
-0.000261261
0.000480332
-0.000574185
-0.0019663
-0.00238924
-0.00182616
0.000631419
-0.0011697
-0.000473566
-0.00032594
1.22402e-05
-0.00166827
0.00157764
-0.00162455
0.0020908
-0.00120136
-0.00440755
0.0026005
0.00147704
-0.00150886
0.00064727
0.00154351
-0.00198263
-0.00127745
-0.00151472
0.000139047
0.00224231
-0.00013044
0.00242579
-0.0001585
0.00234621
-0.000844978
-0.00304434
-0.00124069
-9.74078e-06
-0.00183366
-0.000266089
-0.00232139
-0.000211486
0.00209417
0.00028779
0.00349745
-0.00319534
-0.000807194
-0.00191966
0.00264172
0.000590289
-0.00181454
0.00175955
-0.000573546
-0.000473451
-0.000309447
-0.00192445
0.000333123
0.00104206
-0.000551212
-0.00262485
0.00034587
0.00220098
0.00418872
-0.00355978
0.00131618
-0.000943774
-0.00254905
-0.00448365
0.00179651
-0.00116485
-0.00020418
0.00307427
0.00126736
-0.000975848
-2.13699e-05
0.00103247
-0.000678183
0.00197211
0.00220547
-0.0011969
-0.000225759
-0.00333926
-0.00273228
0.00199844
-0.000234282
0.000118764
-0.00470857
-0.00411462
-0.00151986
-0.000503965
-0.00240809
0.00162159
-0.00125059
-0.00260479
0.00189572
-0.00459201
-0.000434103
0.00293903
-0.00398168
-0.00147399
-0.00161342
-8.90512e-05
-0.00191644
0.00321886
0.0016402
0.000844911
0.000738189
-0.00197163
1.32472e-05
4.95014e-05
-0.000322844
0.00343773
0.000285769
0.000105513
0.00167445
-0.00462481
-0.00338538
0.00174026
-0.00375818
-0.00123521
-0.00161701
-0.00212428
-0.00310545
-0.000129451
-0.00141368
0.00243381
-7.60532e-05
0.000785381
0.0018143
3.87705e-05
0.00237475
-0.00381905
0.00463661
-0.00325394
0.00389182
0.00157072
0.00113591
0.000603124
0.00320527
-0.00155295
-0.00225902
-0.000600592
-0.00185867
0.000964669
0.00258807
0.00391335
0.00102246
0.00323539
0.00156484
0.00119629
-0.00157097
0.00484319
0.00223841
-0.00119099
-0.000167511
-0.0024641
-0.00195095
0.00330701
0.00141829
0.00420527
-0.000204941
0.000739311
-0.00462072
-0.000255532
0.00102293
0.00431519
-0.00145075
-0.000446508
0.000523722
-0.00182983
0.000659658
0.00123607
0.000306977
0.00171676
-0.000413267
-0.000180652
0.00154298
-0.0024066
-0.000446115
0.000321502
0.00197933
0.000646072
0.000283108
0.00109556
0.00258176
-0.00398136
0.0018027
-0.00300082
0.00388593
0.000394553
-0.00330574
-0.000334647
-0.00152054
-0.00311817
0.00236803
0.0027881
-0.00340861
-0.00238476
-0.000875604
0.000754057
-0.0010724
0.00349003
-0.000611655
0.00212447
0.00144241
0.001661
-0.000930177
0.00022847
0.00269057
0.00123452
-0.00245063
0.0013503
-0.000720365
0.000855791
-0.000203575
-0.00127581
0.000983534
-0.00118467
-0.00089152
0.000840842
0.00210791
-0.000629321
-0.00259428
-0.00283485
-0.000325472
0.00406094
0.00538656
-0.000105373
-0.00261357
-0.000894709
-0.00228273
-0.000554691
-0.00112259
2.89495e-05
-0.001364
-0.00324315
-0.00102724
0.000339338
0.000492883
-0.00157701
-0.00104861
0.00108756
0.00362381
0.000814846
-0.00064481
-0.000378638
0.00279957
-0.0030639
0.00105184
-0.00136289
0.00119586
0.000279412
0.000627273
0.00184335
0.000679581
-0.00312481
0.00168882
0.000661262
0.000188007
0.0025166
0.00341927
0.000843346
-0.00112175
-0.00138623
-0.00190671
0.000170126
-0.00107175
-0.00013586
-0.00253908
0.00247994
0.000974627
-0.000499805
0.000506974
0.00078375
-0.00310765
0.00386166
-0.0028362
0.00407177
-0.00359299
0.00153053
-0.00149613
0.00141798
-0.000854171
0.00206764
0.00042164
0.00368291
0.00265782
-0.000582636
0.000492188
-0.000269889
-0.00115332
0.000271834
-0.00244697
0.00034422
0.00166276
-0.0011654
-0.0025283
-0.00263475
0.00136037
-0.00165036
0.00440482
-0.000302066
0.000531674
0.000436971
-0.00264251
0.000848466
0.000302472
-0.00190203
0.00073693
0.000485214
0.00325622
0.00225357
-0.000728308
-0.00114516
0.00116701
0.00312184
-0.00134209
0.000658701
-0.000897793
0.00205016
-0.00286343
0.000546214
-0.000494125
-0.00178422
-0.00185346
-0.00167937
-0.000174913
-0.00116922
-0.0010853
-0.00155761
-8.55341e-05
-0.0011651
0.000807834
-0.00269935
0.00221207
0.00134467
0.00136241
-0.000369395
0.00280326
-0.000521892
-0.00399368
0.00223504
-0.00123742
-0.000608579
-0.00205292
0.00451894
-0.000925336
-0.000493865
0.000597006
0.000756154
-0.00134413
0.00100729
-0.0013106
0.000781441
0.00233131
-0.00034179
0.00208716
-0.000802052
0.00110886
-0.00210636
0.000307458
-0.00172369
-0.000376893
-0.00155039
-0.00115227
-0.00109601
0.0037054
-0.00362866
0.0011501
0.00242999
-0.000345493
0.0012865
0.0013908
0.00103892
-0.00233711
0.00266063
0.000972248
-0.00029088
-0.000982869
-0.00101939
-0.00267792
0.000307734
0.0057022
-0.000794012
-0.00158321
0.00231038
0.00152197
-0.00300482
-0.00153741
-5.93662e-05
-0.0015984
0.00155163
0.000943462
0.000696608
-0.00710632
0.00357949
0.00291273
0.00371057
0.00576589
0.000745886
0.00212824
-0.000355256
-0.000576454
0.000578902
-0.002265
3.48127e-05
0.000115302
0.00178895
0.00326166
0.00193623
-0.00234617
-0.00352245
-0.000528882
-0.00236755
-0.000588421
0.000552662
0.00504103
-0.00197328
0.000905777
-0.00157639
0.000765361
0.0024108
0.00535298
-0.00087043
0.000115724
0.00538739
-0.0010753
-0.000245529
0.00361717
-0.00108644
-0.00259324
0.00184202
0.00117636
-8.4603e-05
-0.000319921
0.0020708
0.00464389
0.00347686
0.00085277
0.00308532
0.0016328
0.00157596
0.0040079
-0.001759
0.0025895
-0.000705721
0.00166506
0.00252414
0.00011514
-0.000134174
-0.00242739
-0.00188435
-0.000716214
-0.00246602
1.84878e-05
0.00237301
-0.00250359
0.00166894
-0.000855926
-0.00294627
-0.00265479
-0.000348178
0.00246734
0.00178019
0.00272186
-0.000887232
0.000846346
0.00260069
-0.00111802
-0.000878477
0.00200746
-0.00278863
-0.00239356
0.00183069
-0.00122246
-0.00418426
-0.00180789
-0.00297297
0.00273851
0.00107709
0.000206576
-0.00384589
0.00232202
0.00256794
-0.00219936
-0.000601477
0.00156689
-0.00141002
-0.001825
-0.00236531
-0.00099104
-0.00121199
0.000243446
-0.00166743
-0.00272882
-0.000188433
0.000149309
0.00134526
-0.000681971
0.00180626
-0.00280541
-0.0016148
0.00253893
-0.00171557
-0.00375946
-0.00191555
-0.00158896
-0.00159401
-0.00143139
-0.00226625
0.00276961
0.00152516
-0.00202612
0.0016456
0.000926035
-0.00110397
-0.00185026
-0.000186823
0.00014913
-0.000731418
0.000405487
0.00197916
0.000654853
-0.00225523
-0.00346805
0.00112903
0.000461486
0.000356308
-0.000178821
0.00344001
-0.000566056
0.000220865
-0.00192866
-0.00112283
0.00127691
-0.00170362
-0.000224476
0.00331645
-0.000460839
0.000998724
-0.00280598
-0.000898759
-0.0001529
-0.00144353
-0.00232928
-0.00208273
0.000123126
-0.00105596
0.000561861
-0.0031986
0.000796684
-0.00174055
0.00248804
-0.00113983
-0.000929819
0.00301878
0.00579434
0.00269966
2.89731e-05
-0.000188045
0.00224432
0.00249049
-0.0049512
-0.00357532
-0.00181955
0.00131724
-0.0014537
0.000693919
0.00103055
0.00072417
-0.000889973
0.00152052
0.00369079
0.00165884
-0.00452266
-0.00268277
0.00319517
0.000181725
-0.000569685
0.000282472
0.000457494
-0.00342922
0.00133134
-7.7208e-05
-0.000895996
-0.00296913
-0.000405413
-0.000906169
0.00411101
0.00287521
0.00158967
0.00206808
0.00182096
0.00163493
0.00241105
-0.00709806
0.000196708
-0.00234691
0.00069491
-0.00143094
0.00141786
0.00358771
-0.00440403
0.00121794
0.00141625
-0.00389896
0.00181516
0.0010838
0.000309271
-0.00163517
-0.00126577
-0.00204772
-0.00135188
-0.00459599
0.00069837
0.000380392
-0.00281731
-0.00316406
0.00256124
-0.0031137
0.0041654
0.000976037
0.0026664
0.00168566
-9.26466e-05
0.00165018
0.00168699
-0.00406601
0.00274544
-0.000314448
-0.00129975
0.000916464
-0.000498492
-0.00121662
-0.000472863
-0.00196344
-0.00106749
-0.00150756
0.00223769
0.00213599
-0.000346391
-0.00222914
-0.00462656
0.000933145
-0.00213271
0.000752787
-0.0013101
-0.00153081
0.0010656
-0.00201596
-0.00115859
0.000960985
0.0020149
-0.00175099
-7.01329e-05
-0.000903694
0.00438196
-0.00112064
-0.000790117
0.00257493
0.00118934
0.000522633
0.000395937
-0.00228664
0.00228784
0.00432746
-0.00111375
-0.00189881
-0.0016095
-0.00200565
-0.00379825
0.000720012
-0.00110841
-0.00352425
-0.000927489
-0.000343129
0.000964781
0.00038556
0.00078545
-0.000561879
0.00123887
0.00300145
-0.00288409
0.000384908
-0.00230607
0.00030156
0.00257651
-0.00244866
0.00204365
-0.00135939
-0.00453947
0.000360468
0.002077
0.000454405
0.00103187
0.00119487
0.00037763
0.00437355
0.00251139
0.00157383
-0.0021268
0.0028635
-0.00037276
-0.000339737
0.00356538
0.00132573
0.00219196
0.000761902
-0.000913505
8.60967e-05
-0.00354306
-0.00316634
-0.00024555
-0.00242597
0.000676346
0.000376397
0.000888736
0.000172645
0.000958876
9.62655e-05
0.0015556
0.00102354
-0.00266281
0.000679862
-0.00112623
0.00159806
-0.000721394
0.00216614
0.00150224
-0.00131547
0.000748133
0.00276917
-0.00183176
-0.00291335
-0.00076941
-0.00213448
0.00181774
-0.00158145
0.00161585
-0.00213341
0.00122936
0.0018946
-0.00168857
-0.00180947
0.00311565
0.00191396
0.00138971
0.000572191
-0.000683984
-0.000292839
-0.00222682
-0.0020837
-0.00217556
-0.00151962
0.00155034
-0.000382935
-0.00453091
-0.00215231
-0.00113235
0.00158014
-0.000530762
0.00296352
0.00106523
0.000373754
-0.00540054
-0.00322086
0.00114257
0.00184357
-0.00123975
3.82936e-05
0.00360732
0.00583671
-0.000841539
-0.00195629
-0.00182245
-0.00117801
0.00509936
0.00305941
0.00244968
-0.000712091
-0.000614074
-0.00400144
4.32606e-05
8.40689e-05
-0.00137374
-0.00110304
0.00311292
-0.00130137
-0.000349631
-0.0015014
-0.00342608
0.00186824
-0.00200727
0.00132212
-0.000506217
-0.00197934
0.00167496
-0.00237961
0.00422154
-0.0029954
0.000630865
0.00323497
-0.00302217
0.00350738
-0.00243668
-0.00137489
-0.00142134
-0.00249341
-0.00180483
-0.00226242
-0.000169213
0.000310656
-0.00206072
0.00390443
-0.0028204
-0.000524535
-0.00125277
-0.00412255
0.000786722
0.00101983
-0.00137572
0.00102483
0.000104722
-0.000493315
-0.000288154
0.00281305
0.000315615
-0.00139587
-0.0035586
0.000229021
-0.000996874
0.000829888
-3.3611e-05
-0.000643502
0.000619656
0.00052714
0.000603192
0.00215516
0.00110304
0.00169028
0.00452693
-0.00185605
-0.00069645
-0.00216247
-0.00205963
-0.000290126
0.000177483
-0.000423683
-0.000192507
-0.00175993
-0.00243269
0.00108498
0.00239543
0.000673843
-0.00245627
-0.000890339
0.000265867
0.00088825
0.000350311
0.00045505
-0.00155616
0.00232715
-0.00133577
0.00110927
-0.00133399
0.00228018
-0.000960093
0.00225295
0.00124376
-0.00390934
0.000889946
0.00117394
-0.00167121
-0.00359516
0.00216455
-0.000757979
-0.000110435
-0.000523338
0.00145984
0.00309269
0.000429953
0.00233565
0.00074838
-0.000147973
5.71743e-05
0.00137904
0.00166533
-0.00302888
-0.00036566
-0.000673541
0.000793849
0.000741364
-0.00136978
0.00262863
-0.000737139
-1.02076e-05
0.00153841
0.000883039
-0.000669316
6.62586e-05
0.00102321
-0.0034723
-0.0014401
0.00252346
-0.00284896
-0.00259977
-0.00135137
0.00027352
-3.62412e-05
-0.00423257
-2.99235e-05
-0.00282869
0.0025127
-0.00215266
0.000243171
-0.000466512
0.00250687
-0.000786844
-0.000140161
-0.00091703
0.00112974
-0.00227853
0.00368856
0.0035052
-0.00367034
-0.000912649
-0.000207773
0.00177034
0.00509101
0.00188076
-0.000900421
0.000992812
0.00222798
0.000306245
0.000442285
0.00318078
0.000807746
0.00195751
-4.3355e-06
-0.00206745
0.00209942
0.00491686
-0.00148647
0.00134429
-0.00221504
0.00151742
-0.0020054
-0.00378196
-0.00231208
0.000658535
-0.000758729
0.00196435
0.00138345
-0.000935051
0.00166597
0.00160099
0.000732443
-0.00130355
0.000513112
0.000703894
-0.00275204
0.00290498
-0.000885378
0.00331703
-5.8207e-05
0.00275402
0.00251632
-0.0021054
0.00136493
-0.000528271
-0.00107139
0.000540603
-0.000563838
0.000118407
-0.000733006
0.000110645
-0.00104456
6.99881e-05
0.000256194
-0.000385065
-0.00212516
0.00259003
-0.00127655
0.00254916
-0.00152317
-0.00311322
0.00097931
0.00220779
-0.00095524
-0.00110517
1.86273e-05
-0.000506108
-0.00155976
0.00192147
-0.000759514
0.00107762
0.00133667
-0.00135721
0.00207668
8.51723e-06
0.000734743
-0.00209603
-0.0024624
-0.00368327
0.0008794
-0.000174485
0.000273486
0.00376939
0.00406192
-0.00249366
-0.000536068
-0.00231911
-0.0047558
0.000796466
-0.00402293
-0.0014665
0.00112989
0.00110459
-0.00259168
-0.00373816
0.00742039
0.000508712
-0.000350207
-0.00156043
-0.000336861
0.00155385
0.00283675
-0.00181413
-0.00374782
0.00149748
0.00095112
0.000898605
0.00280631
0.00162086
0.00108195
0.000457029
-0.0013023
-0.00127863
0.000307275
-0.00143427
-0.000681096
0.00338765
-0.000722759
-0.000635908
0.000559426
-0.000607208
0.000536657
-0.000905742
-0.00266784
0.00106314
-0.000739864
-0.00266906
-0.00102528
0.00157878
-0.00100346
0.00126228
0.000340011
-0.001474
0.00277776
0.000494028
-0.00536868
0.000512477
-0.00121258
0.00285498
-0.000540808
0.00401218
7.22003e-05
0.000768962
-0.00141776
-0.00286232
0.00240598
0.000531206
-0.00372485
-0.00137902
0.00409412
0.000722284
0.000636037
0.000433331
0.00364699
0.00113675
-0.00110988
-0.000924003
0.00172236
0.000467187
-0.0024758
-0.00240967
-0.000882117
0.000904811
-0.000803809
-0.0013625
-0.00120585
-0.000784557
0.002056
0.000222338
-0.00121716
-0.00139725
0.00011123
0.00157628
0.00246664
0.00141434
0.00216349
0.00152691
-0.000683919
0.00246662
-0.00399191
-0.000791335
0.000166393
0.000756592
0.00297045
-2.55123e-06
-0.000696987
-0.00153531
0.0018342
-0.00190766
0.00177578
0.00291963
-0.00114508
-0.0021327
0.000522428
0.000643223
-0.000558302
0.00230483
0.00385934
-0.00141886
-0.00040054
-0.00138104
-9.87423e-05
0.00314669
-0.0037616
-0.000650656
0.00106623
0.00245311
-0.00206613
-0.00295329
0.00155716
-0.0018811
-0.000427498
-0.000956786
0.00183043
-0.000785173
0.00178988
-0.0017958
0.00033999
0.000695407
-0.000750159
-0.000604096
0.000324802
0.000695835
0.000117553
-0.00191929
-0.00126584
0.00271524
-0.00340244
-0.00143248
-0.0020527
-0.000177954
-9.65639e-05
0.000672435
-0.000468687
5.17891e-05
-0.00526971
-0.00243989
-0.000500338
-0.0020312
-0.00182594
-0.0017997
-0.000893503
0.000480317
-4.00022e-06
-0.00208719
0.00313649
-0.000964143
-0.000868247
4.87123e-05
0.00329538
0.000961538
0.00245448
7.70838e-05
-0.000924522
-0.000432152
0.00095188
0.000424956
-0.000891189
0.00120686
0.00183113
-0.00010384
-0.0017374
-0.0010381
-0.00243364
0.000500164
0.00176398
-0.00239081
0.00110166
-0.00158988
-0.0012247
0.00244252
-0.000525111
0.000488419
-7.62143e-05
0.00250466
0.00131055
-0.000367915
-0.00160995
-0.00285611
0.00304519
-0.00197923
0.00141663
0.00188225
0.000910412
-0.00276674
-0.00139889
-0.00071852
0.000861379
0.000347129
-0.00271471
-6.12243e-05
-0.00331398
-0.00117067
0.00160264
-0.00198741
0.00232034
0.000509907
-0.00119302
0.000439838
0.00177772
0.000222995
-0.000115677
-0.00161015
-0.002144
0.00353069
-0.00249885
0.00240092
-0.000565117
-0.000961172
0.0035329
-0.000904881
-0.000122611
0.00118005
-0.00204729
-0.00205505
0.00171942
-0.000536809
5.39601e-05
-0.0001365
0.0035637
0.00049274
0.00350324
-0.00454716
0.00230624
0.00134302
-0.00189653
0.00136955
-0.000765908
-0.000272105
-0.000816815
-0.00195037
0.00465958
0.00181049
-0.000641558
-0.00223296
0.00153765
-0.000104962
-0.00422364
-0.0019185
0.00163621
0.00405009
-3.44004e-05
-0.00122563
0.00105626
0.000744328
-0.000398078
3.71728e-05
-0.00350604
0.00296928
0.00410306
-0.00562569
0.000146407
0.00311198
-0.00439906
-0.000477263
0.000990508
-0.0017914
-0.00198956
-0.0034748
0.00066364
1.85192e-06
-0.0016445
0.000612349
-0.000942206
0.000396163
0.00135831
-0.00257988
-0.00313988
0.00146828
-0.00124649
0.002082
0.00133291
0.00140336
-0.00233218
-0.00025174
-0.000481527
0.000210765
0.00342949
-0.000280806
-0.000131219
0.0030581
-0.000268697
-0.00547447
0.00232402
-0.000199648
-0.000461686
0.00034299
0.000740188
0.000340451
0.000552041
-0.00119219
-0.00297183
0.00177972
0.00250712
-0.000575541
-0.000543772
0.000755971
-7.79559e-05
-0.000249097
-0.000418996
0.00134813
-0.0010345
-0.00194454
4.78674e-05
-0.000386521
0.000581132
0.00272686
0.00362075
0.000361074
-0.000724531
-0.000306064
4.59903e-05
0.00171209
-0.000290742
-0.000571703
-0.00125404
0.00207199
0.0033917
0.00266813
-0.000411405
0.000323827
-0.00179183
-6.78626e-05
-0.000618023
-0.00280114
0.00227438
0.00147985
0.00120895
-0.000729371
-0.00153201
-0.00211431
-0.00247067
0.000116285
-0.000992474
0.000595307
0.00321367
0.00285747
0.000157722
0.0026951
-2.08753e-05
0.0024437
-0.000764841
-0.00513497
0.00101387
0.00162772
-0.000545587
0.00347256
0.000732609
-0.00078103
0.002234
-0.00307494
0.00270141
-0.00322154
0.000240693
-0.0011008
-0.00221627
-0.000398019
-0.00307736
0.00216425
0.00152843
-0.00114678
-0.00505695
0.00240445
0.00172136
-0.000960798
1.64776e-05
0.00136015
-0.00141515
-0.00361923
0.000844644
0.00125176
0.00286494
-0.00434398
0.00128248
0.000603624
0.00173261
-0.00222716
0.000392801
-0.000246822
-0.000101081
-0.000267346
6.17761e-05
-0.000546928
-7.94381e-07
-0.00309506
0.000946845
0.000678402
-9.35513e-05
0.00130759
-2.92668e-05
-0.00128618
-0.00385595
-1.16825e-06
-0.0021062
0.00192335
0.0017866
0.000762165
0.000427627
-0.0032095
0.000953113
-0.0013524
0.00159928
0.000547537
-0.00126122
0.000142739
-0.0014932
-0.00292799
0.000826125
0.00171549
0.000109206
-0.00215123
-0.00133413
-0.00363552
0.000162092
0.00135574
-0.00261944
-0.00157507
-0.000584502
0.000381592
0.00346491
0.00233281
0.00194618
0.00435129
-0.000616346
0.00413418
0.00181041
-0.00172593
0.000660355
-0.000490747
-0.00136268
-0.000970414
0.000777876
-0.00359095
0.00282239
0.00274127
0.00032359
-0.00208017
0.00440502
-0.00150646
0.00335317
4.11051e-05
-0.000685937
-0.00164047
0.000212421
0.0025321
0.00342609
0.000698852
-0.0024179
-0.000812873
-0.00158915
-0.00292114
-0.0015355
-0.00331626
-0.00315327
0.000502142
-0.00377843
0.00229381
0.00162823
0.000816191
-0.00117596
-0.00349014
0.0038152
0.00293592
-0.00285747
0.00248478
0.00202332
0.000717327
-0.00344515
0.00191261
0.00220478
0.00524007
-0.000826005
-0.00146751
-0.00167086
0.00236186
-0.00225809
-0.00199864
9.38753e-05
-0.00139903
-3.11434e-08
0.00123197
-0.000971744
0.00116679
0.00153889
-0.000661779
-0.000932451
0.00174299
-0.00137728
-0.00241596
-0.000161762
0.000113558
-0.00204191
-0.000302218
-0.000239731
-0.0014804
-0.000859102
-0.00106351
0.00224143
-0.000633394
-0.00226445
0.00125217
-0.000656086
-0.000162471
0.003637
0.000363124
-0.000772121
-0.00261799
0.00122482
0.00222914
-0.000843383
-0.00147117
0.000503813
0.000764779
0.00330257
-0.00061201
-0.00412497
-0.00121521
-0.00176309
-0.00125712
-0.000587889
0.000801355
0.00158771
0.00018577
-0.00260424
-0.00141439
0.00144825
-0.000355899
0.000180749
0.000691198
0.0017119
0.000845888
-0.000659641
-0.00185863
-0.0022301
-0.000842875
0.00133258
-9.4387e-05
-0.00034678
-0.000108277
-0.000772672
0.00145551
0.00109658
0.0032608
-0.000420604
0.000821974
-0.000886112
-0.000322293
0.00295944
8.41113e-05
0.00104656
-0.00096006
-0.00188071
-6.46869e-05
0.00208674
-0.00123006
0.00119957
0.000600688
0.00103414
-0.00126914
-0.00132123
1.26959e-05
0.00289342
0.000631943
0.000923254
-0.00312961
0.00350646
-0.000371052
0.000197618
-0.000548809
0.00260917
0.00243288
-0.00199338
0.000574462
0.00196448
0.000378839
-0.00120324
-0.00193435
-0.00455933
-0.00164884
0.000949161
0.00111101
9.69434e-05
0.00211753
-0.00169098
-0.000653336
-0.00229933
0.00286441
0.00463877
0.00184451
-0.00177476
-0.00138429
-0.000905249
-0.00241139
0.00222949
-0.0054301
-0.00189007
0.0018936
-0.000354572
0.00111049
-0.00153777
-0.000855369
0.00050455
-0.000613581
0.00323083
-0.000313818
0.00337149
-0.00153671
0.000523873
0.00363095
-0.000378439
-0.00112437
0.000915507
0.00317269
-0.00213467
0.00229621
-0.000956546
-0.00124183
0.0016764
-0.00101315
-0.00268397
0.00440956
0.000248651
-0.000432349
-0.00255836
-0.000414187
-0.000415769
-0.00121333
-0.00136732
0.00204106
0.00421218
-0.000165701
-0.00181883
0.000415418
0.00203422
-0.00226311
-0.0040974
0.00168305
-0.000774992
0.000628044
0.00144919
0.0014974
0.00267505
-0.000285421
0.00114913
-0.00323686
-0.000942559
-0.00365367
-0.000937886
-0.00236444
-0.000826803
-0.00046243
-0.00250701
0.00243448
0.00184527
-0.00164885
-0.00100829
-0.00140898
-0.000121419
0.000266454
-0.00271319
-0.000208509
-0.00409538
-0.0012356
-0.00347235
0.00221061
-0.000525543
-0.0030873
0.000859452
0.00131363
0.000957574
-0.000336815
9.24704e-05
0.000476791
0.00230497
-0.00143329
0.000751305
-0.00171947
-0.00122413
0.00363755
-0.000976214
0.000551782
-0.000639648
-0.000419642
-1.08925e-05
-0.00170193
0.000614143
0.00171058
-0.000317584
-0.00259492
-0.000728021
0.000118245
0.000275981
-0.000621955
0.00161863
0.000484119
-0.00138513
-0.00176928
0.000804943
0.00267974
0.00298073
-0.000816595
-0.000804334
-0.000245918
0.00302949
-0.00154398
0.000973003
0.000414825
-0.000434438
0.00342167
0.000241914
0.00119878
0.000330639
0.00283658
-0.00213036
-0.00304164
-0.00235114
0.00143255
0.00222881
0.000280988
0.00215781
-0.00150255
-0.00280745
-0.000426516
0.000522102
0.00225719
-0.00455333
0.00204152
-0.0031243
0.000866211
0.00139216
0.00472646
-0.00471232
-0.00254752
-0.000290855
0.00318197
-0.000931635
-0.00225452
0.000135291
0.00124676
-0.00272379
-0.0028672
-0.000199839
0.000778701
0.00567969
0.000520128
0.00113616
-0.00237336
-0.000680292
0.000421112
0.000894441
-0.00149452
0.00174561
0.00136252
0.000726753
-0.000441141
0.000629357
0.000787064
-0.00128672
0.000946635
-0.000925291
-0.00423698
0.000897084
-0.000875032
-0.00236778
-0.00238839
-0.00119167
-0.000312073
-0.00137844
0.00169418
-0.00188864
-0.000873013
0.00231856
0.000672334
0.0042143
0.00229704
-0.00144229
0.00103577
0.0048336
0.000512359
-0.00115189
0.000852112
0.00188923
-0.00266151
-0.000412445
-0.000148089
1.77079e-05
-0.00344876
-0.00230598
0.00142808
0.00118855
-0.000274863
0.00153905
-0.000516148
0.00151116
0.00252729
6.748e-05
-0.00326632
-0.000848615
0.00139774
0.0020925
3.56288e-05
-0.00268581
0.00122462
-0.00216311
-0.00291781
0.00053443
-0.000641324
0.00147362
0.000494668
0.00391872
-0.00324698
-0.00126302
0.00170371
-0.00212965
0.00094075
-0.00119901
0.000749152
0.00118227
-0.000517139
-0.000457147
-0.000262386
0.00200774
-0.0017572
0.00202998
0.000601854
-0.00271678
-0.00071994
0.000873827
-0.000393226
-0.0023705
0.000111303
0.0029288
-0.00163351
-0.00132901
-0.00297268
-0.0011734
0.00213922
-0.000291098
-0.00331723
-0.000219597
-0.000416744
-0.00255702
0.0011595
-0.00153537
-0.00139109
-0.000500825
-2.68995e-05
0.00243769
-0.0023025
0.00247158
-0.0010545
0.000361275
0.00125427
-6.14919e-05
-0.000415758
-0.000748025
0.000373694
0.00151699
-0.00397433
0.00531845
0.00248809
0.000227547
0.00287359
-0.00255314
0.0016648
0.00492511
-0.000617412
0.000802487
-0.00032537
-0.000369013
-0.00242089
0.00208861
0.000132875
0.00191844
-0.00289706
0.00146942
-0.0014555
0.000340748
0.000814556
-0.000731137
-0.000199537
0.00342512
0.00292671
-0.00171166
-0.000277275
-0.00078862
0.000246866
-0.00413758
-0.00231592
0.000364057
-0.00431864
-0.00424425
-0.00236564
0.00310709
-0.00237436
0.0027481
0.0029979
-2.28979e-05
0.000362595
-0.000668378
0.00283031
0.000958447
-0.00153189
-0.000257755
8.24132e-05
-0.001078
-0.00155431
0.00134084
0.00217538
0.00230844
-0.00248681
-0.000919396
0.00193058
-0.00361173
8.92687e-05
-0.0011735
-0.000602081
-0.00298764
-0.00106218
2.10125e-05
0.00071238
-0.00097563
0.000104454
0.00139175
-0.00132835
0.00070352
0.000895022
-0.00177853
-0.00221634
-0.00137509
0.000276288
-0.0031826
0.00294168
0.00151571
1.94505e-05
-0.000269132
-0.00293219
0.00117338
-0.00171029
0.00298992
0.00049626
-0.00103536
-0.0013112
-0.000343297
-0.000839329
0.00149575
0.00110292
0.00115282
0.00198715
-0.00489826
-0.00152319
-0.000100392
-0.000936191
0.00130446
-0.00142654
0.000362693
-0.000602692
0.00267971
0.00139887
7.26756e-05
-0.00201901
-0.000969228
0.000350951
-0.00272968
-0.00267624
-0.00288961
0.000159776
-0.00197846
0.0016472
0.00120751
-0.00262978
-0.000537567
-0.00376965
-0.000773069
0.00186774
-0.000681268
-0.002319
0.000176699
-0.00274105
0.00356198
0.000212027
-0.00100468
-0.000286699
0.00217059
-0.00326802
0.000933546
-0.000332122
-0.000341936
0.000456663
-0.00173417
0.00321473
0.00132207
2.91942e-05
8.15628e-05
0.00191793
0.000483136
0.000454029
-0.000694941
0.00138539
-0.00058026
-0.00265851
0.00206751
0.00153585
-0.00233687
-0.0016846
0.000530126
-6.47991e-05
-0.000923523
-0.00215417
0.000360649
-0.00113537
0.000946385
0.00233366
0.00120717
0.000221201
0.00293872
-0.000466298
0.00401871
-0.000706468
0.00578126
-0.00190053
-0.000999928
0.00131041
0.000911718
0.00185953
0.000383567
-0.00121107
-0.000431238
0.0031016
-0.0038056
0.00167868
-0.00371368
0.0023261
0.000399259
-0.00205026
-0.00283795
-0.00179485
0.000709978
-0.000510037
-0.000909583
-0.0016031
0.000953655
-0.00494297
-0.00267717
-0.000447839
0.000254464
-0.00412018
0.0018165
0.000144055
-0.000603896
0.00180234
0.00104108
0.000984132
0.000307601
-0.000633884
6.75945e-05
-0.00217728
0.000753571
0.00291345
-0.00283616
0.000907398
0.00120986
-0.00245876
0.000268964
-0.00100471
-0.00127797
0.000667428
-4.32358e-05
0.00255541
-0.00374785
0.00179231
-0.00243904
0.00112627
0.00184233
-0.00167532
-0.00229446
-0.000646598
-0.00154082
0.00316621
0.00257572
0.000510334
0.00141313
0.000509653
-0.00110333
-0.000922112
0.00394985
0.00170462
-0.000203044
0.000626982
0.00123169
0.000185255
-0.00105308
-0.000203048
0.000746316
0.00208805
0.00145221
0.00263465
-8.28328e-05
-0.00129527
0.00172657
6.78509e-05
-0.00289125
0.00276759
-0.00149089
0.00250886
-0.00236546
-0.000755584
-0.00123042
-0.000834949
-0.0010679
-0.00190041
0.00308015
-0.00315498
0.00148167
-0.00148159
-0.000615619
0.00132886
-0.00368299
0.00196948
-0.000658165
0.00143439
-0.000634214
0.000874685
-0.00151736
-0.00405175
0.000109509
0.00464956
0.00291197
-0.00509392
-0.00135688
0.00124948
9.45186e-05
-0.000922996
0.000778424
0.00132229
-0.00155692
0.00147155
-0.00257092
-6.89587e-05
-0.00247417
-0.000531626
0.000804143
-0.00335796
-0.000241677
-0.000363125
-0.0011926
0.00190791
-0.00186324
-0.00100393
0.000871172
0.000229737
-0.00292405
-0.00340065
-0.00157192
-0.00107622
-0.00301662
0.00126627
-0.00113381
0.00490783
0.00129904
0.000165473
0.00120754
-0.00127438
0.00210924
-0.000612726
-0.00482791
-0.00290887
-0.00207583
-0.00248441
0.000294017
-0.00130529
6.97376e-06
-0.00157307
-0.00103125
0.00334408
0.000730728
0.000390177
0.00156578
0.00181127
0.00239353
-0.000237493
-0.000694177
0.00340857
-1.63702e-05
0.000398901
-0.00133905
0.000311024
-0.000952618
0.00017971
0.000275953
-0.00311763
-0.00295947
-0.00114753
-0.000930227
0.00285449
0.000833117
-0.000887224
0.00531911
0.00175791
-0.000327917
0.000274666
-0.00298368
0.0030377
0.00147331
-0.000662299
0.00243898
-0.000439176
0.00323313
0.000894308
-0.00146762
0.00192224
-0.00228824
0.000478844
0.00159925
0.000621854
-0.00187114
-0.00349991
-0.00179315
-4.70742e-05
0.000380076
0.00127932
0.000248734
0.000739109
-0.00402126
0.00224779
0.000343168
0.000954203
-0.00169066
0.000323743
-2.63854e-05
0.000678082
-0.0023515
0.000311645
0.000347524
0.00243761
0.00297398
-0.000208189
-0.00103444
0.00233864
-0.00223289
0.000165001
0.00111481
-0.00130091
-0.00226751
2.64794e-06
0.00233906
-0.00103498
0.00020131
-0.00303814
0.00162604
-0.00238666
0.00170185
-0.00081115
0.00141053
0.00186519
-0.00159316
-0.000885461
4.46446e-05
-0.000450948
0.00247894
-0.00535126
-0.00341119
-0.00448669
0.000330139
0.000571611
0.00257232
-1.13088e-05
-0.00292586
-0.00165453
-0.000623906
-0.00165965
0.00126114
-0.00268548
-0.000201138
0.002193
0.000452003
-0.000826184
-0.00193399
-0.00224846
-0.000488666
0.00346121
-0.0013733
-0.00163323
-0.00104156
-0.00503029
-0.00370632
6.50793e-05
-0.000853364
0.000202888
0.00285167
-0.00149082
0.000221248
0.00367278
-0.00141104
-0.00244777
0.000402642
-0.00214543
0.000544823
0.000775064
-0.000798393
0.00432077
0.00210102
-0.00279109
-0.0028863
-0.000968003
0.00318926
0.0008423
0.000785356
-0.00243382
0.0016323
-0.00316411
-0.00294596
-0.00351574
-0.00126613
-0.000658611
-0.00338547
-0.00107842
0.00238051
-0.000613429
0.00194215
0.0017309
0.000539692
-0.000614357
0.00150312
0.00203597
-5.53551e-05
-0.000744825
0.00446234
-0.00259598
-0.00505634
-0.000867355
-0.002784
0.00215064
-0.000439975
-0.0020221
-0.00187776
-0.000726832
0.00181785
0.00187482
-0.000155186
0.0005694
0.00237096
0.000194545
0.000775835
-0.00210625
0.00266805
0.00102411
-0.000301743
0.00163031
-0.00286596
-0.00119376
0.000507206
0.00094424
0.00078916
-0.00063665
0.000141738
-0.00213053
0.00121771
7.8437e-05
-0.0014134
0.00125177
0.00204635
-0.000929027
0.000476339
-0.00128181
-0.000119798
0.00145825
0.000599024
-0.00107485
0.000474397
-0.00271146
0.00264219
-0.000116576
0.00064017
0.000294515
0.000620889
0.00017698
-0.00131507
-0.00306692
-0.000885902
-0.000876128
-0.000839936
0.00292657
-0.00448492
0.00469107
-0.00102524
0.000203347
-0.00221507
-0.00367097
-0.00316515
-0.000647743
0.00145877
0.00260024
0.0010083
-0.000703957
-0.00195072
-0.00190765
-0.0022496
0.00155434
-0.000178025
0.00118459
0.00223837
-0.000652503
-0.00167597
-2.51489e-05
0.00295092
0.00184573
-0.0037423
-0.00178568
0.00239108
-0.000721446
7.79577e-05
-0.00153003
-0.00111768
0.000139427
-0.0015935
0.000460375
-0.00296682
-0.000792447
0.000630979
-0.0022971
0.0011524
-0.000547654
-0.00379491
-0.000445336
0.00137004
-0.00173209
0.000408404
0.00238017
0.00389879
-0.00337019
0.000543195
0.00201492
-0.000416273
0.00173436
-0.000829534
-0.000780329
0.000663563
-0.000666846
0.000166009
7.49425e-05
0.00120956
-0.00330541
0.00126192
-0.00430273
0.000385455
0.00325608
0.000540359
0.000742152
-0.00107898
-0.00146797
0.0014726
-0.0044675
0.000623594
0.00166723
-0.000381191
-0.000627058
0.00471692
-0.00509288
-0.00128183
0.00363143
-0.00326386
0.00222385
0.00174707
-0.000158975
0.000906537
-0.00208286
0.00179617
-0.00101426
8.63861e-05
-0.000772766
0.00183003
-0.00137607
-0.000515798
0.000286267
-0.00127934
0.00389575
2.87787e-05
0.00222253
0.000607609
0.00167905
-0.00257585
-0.000559822
0.00177029
0.00116859
-0.00176692
-0.00142938
-0.00258346
-0.00183473
-0.00139509
-0.000726391
-0.00211502
-0.00108614
-0.00150406
0.00335983
0.00141712
0.00256398
-0.00253216
0.000389196
-0.0016348
0.000606279
0.00289383
-0.00385065
0.00219622
-0.000907596
0.000422305
-0.0022927
-0.00105093
-0.00267947
0.004862
0.0027869
0.00244261
-0.00266344
-0.000998683
0.00105878
0.00176521
-1.91733e-05
0.00308526
0.00266878
0.000905154
-0.00181688
-0.00123805
0.00182214
-0.000128925
-3.58634e-05
0.00149655
-0.00143778
-0.000538988
0.00230037
0.00177231
0.00050397
-2.49617e-05
0.00127985
0.000643534
-0.000717347
-0.0030361
-0.00160621
-7.62088e-05
-0.000698294
-0.00104641
-0.00011323
-0.00115102
-0.0017544
0.000343001
0.000455224
0.00246554
-0.000608453
-0.00271899
0.00190969
-0.00110553
0.00141807
-0.00450238
0.00028659
0.000407503
-6.88536e-05
-0.00328199
-0.000745027
0.00117298
-0.000283709
-0.00147391
0.000173292
-0.00342075
0.00119229
-0.00119801
0.000875789
-0.0027429
-0.000833365
0.00234408
0.000348336
0.00105288
-0.00182616
-0.00334698
0.00423608
-0.000664468
0.000582913
0.000369152
-0.0012753
0.00515406
0.000821858
-0.00264869
-0.00113412
-0.00039625
-0.00251027
0.00199969
-0.00567932
0.000455652
0.00246681
-0.000733217
-0.000977259
-0.000848152
0.000436325
0.00203943
-0.000617073
-0.000980251
-0.00233616
-0.00331603
-0.000525436
-0.000206289
0.00291799
0.0036254
-0.00198358
-0.00246564
-0.00449525
-0.00212683
-0.000111375
0.000646416
0.00114234
0.00127738
0.000620727
-0.000628195
0.00191237
0.00263797
0.00166229
0.00302434
0.00133879
0.00167794
0.000128122
0.000719503
-0.00201277
0.00196489
0.00395085
0.00130209
0.000957586
-0.000743292
-0.00319493
0.00171594
-0.000490257
-0.000246996
-0.00125886
-0.000871035
-0.000422349
-0.000382343
-0.000304239
-0.000360614
0.000337384
0.00276463
-0.00318214
-0.00114059
0.000801893
0.00091897
0.000823476
-6.34494e-05
0.000425663
-0.000211345
-0.000389588
-0.000858622
-0.00129752
0.00324634
0.0038851
-0.000432541
0.00158024
0.00328994
-0.00200664
-0.000148685
-0.00101647
-0.00159598
-0.00118959
0.00109278
0.000836653
0.00019758
-0.00350907
-0.00282015
0.0035749
-0.000106751
3.4883e-05
0.000153176
-0.000527153
0.000312777
0.00178322
-0.00324395
-0.00141019
-0.000127756
0.000196606
0.00185871
0.00297803
0.00353535
-0.00200244
-0.00175139
0.0026746
-0.00222812
0.000526718
0.00102256
-0.00277016
0.00141751
-0.00193356
-0.000569516
0.00384892
-0.000292796
-0.00260571
0.000692251
0.00414313
-0.00220032
0.00112974
0.0031799
0.000576196
-0.00153086
-0.000124302
-0.00468334
0.00156538
-0.00110683
-0.00307833
-0.00396212
0.00143436
0.000508677
0.00204852
0.00102446
0.000313668
-0.00507145
0.00240672
-0.000137656
-0.00217749
-4.83574e-05
-0.00191604
-0.00154062
-0.00133492
-0.000852374
0.000544579
-0.00150787
0.00151499
0.00106502
0.00215999
0.00139177
0.00196975
0.000377204
0.00105681
-0.000240811
0.00165327
-0.00184856
-0.000193328
0.000403247
-0.000167595
0.000113965
0.000523978
-0.00147067
-0.00230995
-0.00024367
0.00289568
0.000965963
-0.000215967
0.00177258
-0.00199689
0.000476437
-0.00102753
-0.000895283
0.00178329
0.000275404
0.000830111
-0.000392931
0.00153862
-0.000313402
-0.00229248
0.000716704
-0.00171539
0.00357664
-0.0015721
0.00252015
-0.000425848
-0.0045212
-0.00288828
0.00231281
0.000463184
0.00020201
-0.00050717
-0.0017117
0.0014791
0.000115427
0.000751402
0.00103178
-0.0016157
-0.00251492
5.20774e-05
-0.000675898
0.00103503
0.00177811
0.00101256
6.21196e-05
-0.000669606
-0.000739105
0.00300987
-0.00208196
0.00162991
-0.00310869
0.00159903
0.00450057
-0.00397731
-0.00530246
0.00239183
-0.00030846
-0.00429586
0.00345938
-0.000958544
0.000543894
-5.50822e-06
0.00113351
0.00169925
-0.00122416
-0.00142082
-0.000252372
0.00367305
-0.000265208
0.000267558
-0.000111897
0.0017843
-0.00133644
-0.0010964
4.3096e-05
0.00143371
0.000821822
0.00219215
0.00103569
0.00173747
0.000807423
0.00139451
0.000488599
0.000742569
0.00154595
0.000508859
0.000149672
-0.00154442
0.000590061
-5.76505e-05
0.000174274
-0.0015151
0.00446297
-0.00134617
-0.00385576
-0.00130132
-5.99026e-05
-0.000118677
-0.00151154
0.00302233
-0.00376253
0.0010571
0.00134298
-0.00115631
0.00492274
-0.00129418
-0.00338358
0.000784973
-0.00232055
0.00130249
-0.000194467
0.0015371
4.34339e-06
-0.00313665
-0.000378876
-0.00115251
0.000815119
0.00337311
5.47529e-06
-0.00119289
-0.000285695
-0.00359111
-6.64563e-06
-0.000349655
-0.00112849
0.000126532
0.000974975
0.00149891
-0.00589249
0.00269664
0.00109768
-0.00371707
0.000576535
-0.000207599
-0.000976315
0.000541197
0.00114361
-0.00073009
-0.00128353
0.00197653
-0.00255304
0.0011693
0.000602298
0.000511337
0.0015339
-0.00341747
0.00237256
-0.000313047
0.00571518
-0.000588639
0.00111878
-0.000296227
-0.000403412
-0.00160009
0.00226005
0.00107858
0.00126195
0.000295571
-0.000102767
0.00127154
-0.000146663
-0.00176296
0.00146909
-0.00274467
0.000752218
-0.00278212
0.000996669
-0.00069512
-0.000307595
0.00330646
-0.00165844
0.00019538
0.000890911
0.0018375
-0.00215338
-0.000243203
0.00219896
-0.00397892
0.00243733
0.00217993
-0.000469321
0.000514056
-0.00102462
0.00187867
0.00177267
-0.00186315
0.000162722
0.000247796
0.00124684
-0.00450461
-0.00111833
-0.00164531
-0.00167621
-0.003156
-0.00110881
0.00204455
-0.00216977
0.00411698
-0.00160129
0.000387799
0.00297065
-0.000433781
-0.00238323
0.000527184
-0.00143825
-0.00130638
-0.00317541
-0.00255291
-0.00116678
0.00318485
0.00356554
0.000968158
0.000233091
-0.00124166
6.57585e-05
-0.000718084
-0.000291263
-0.00336807
0.00266046
-0.00185657
-0.00314178
-0.00170475
-0.000605552
-0.00129571
-0.00132551
0.000876794
-0.00249723
-0.000549206
0.000770545
-0.00095332
0.00371151
0.000413704
0.00122404
-0.0027411
-0.00177797
0.003633
-0.000817562
-0.00139559
-0.00300423
0.000610646
-0.00177403
-0.00377859
-0.0010087
0.00124306
-0.00106959
0.00182352
-0.00263992
0.00127016
0.00220347
-0.00584281
0.00272251
0.0028431
-0.00169254
-0.00107727
-0.00181867
-0.000244324
0.00360009
-0.00112576
0.00200665
0.000582207
0.0005188
0.00176141
-0.00170055
-0.000861682
0.00251246
-0.000591903
-0.00105408
-0.00142794
0.000637747
-0.000690451
0.00213076
0.00176821
-0.000537894
-0.00195254
0.000229143
0.000986914
0.0042535
0.000707399
-0.000364635
0.00205764
0.000716455
-0.000815514
0.0014858
0.00197013
0.000693235
0.00333594
-0.00110616
0.000507184
-0.00141512
-0.00222443
-0.00157309
0.00199705
0.0031663
-0.000442995
-0.00186807
