0 -0.024 0.489083
0.418879 -0.063 0.462694
0.837758 -0.159 0.396092
1.25664 -0.09 0.358393
1.67552 -0.216 0.267915
2.09439 -0.276 0.152304
2.51327 -0.093 0.113349
2.93215 -0.318 -0.0198549
3.35103 -0.39 -0.183218
3.76991 -0.222 -0.276209
4.18879 -0.177 -0.35035
4.60767 -0.126 -0.403129
5.02655 -0.141 -0.462191
5.44543 -0.018 -0.469731
5.86431 -0.114 -0.517483
6.28318 0.045 -0.498634
6.70206 0.087 -0.462191
7.12094 0.132 -0.406899
7.53982 0.129 -0.352864
7.9587 0.312 -0.222174
8.37758 0.15 -0.159342
8.79646 0.285 -0.0399611
9.21534 0.21 0.0480035
9.63422 0.204 0.133455
10.0531 0.252 0.239012
10.472 0.234 0.33703
10.8909 0.105 0.381012
11.3097 0.183 0.457667
11.7286 0.075 0.489083
12.1475 0.024 0.499136
